710:0.7224512 -0.30651325 -0.5657207 0.5200287 0.18510857 -1.1102543 0.7903719 -0.6149358 0.02446188 0.039651047
205:0.2620467 0.3950139 0.08172831 0.108753 0.17899399 -1.0865806 -0.0520004 0.0017919338 0.20713842 0.14855699
45:-0.15584214 0.42630064 -0.16839266 -0.1401844 0.2885304 -0.77104616 -0.12271258 0.32648852 0.096698545 -0.015961891
515:-0.12042418 -0.013449253 -0.008910115 -0.2333298 0.4139603 -0.62149715 -0.423584 0.050249 0.58590543 -0.41326705
574:-0.18759745 0.28202757 0.31370315 0.07656884 0.21282408 -0.9502721 0.06634987 -0.18909879 0.26578012 -0.0027911663
858:-0.31697953 -0.08130734 0.30292636 -0.014567435 0.33066803 0.3273393 0.08887665 -0.23738578 0.020054754 0.27273858
619:0.10506344 0.18574215 -0.8077123 0.33538777 0.31283572 -0.7773605 1.084129 -0.87289697 -0.1877768 0.06578425
507:0.24512827 0.28230557 -0.5648285 0.19333227 0.25768277 -0.18860008 0.059517678 0.34570092 0.058042258 0.31877893
113:0.05614848 -0.15259162 -0.49173334 0.34466818 0.4065799 -1.1110468 0.63911355 -0.6587879 -0.10842022 0.21221311
34:0.07670912 0.3048957 0.44241047 0.009339294 0.2230734 0.043353267 0.046445895 0.29094782 0.30813763 0.2526067
563:0.16910091 -0.12485697 -0.41533193 0.10609105 0.7480979 -0.537435 0.3738662 -0.18361552 0.040028464 -0.0113865
381:0.23786044 0.29911014 -0.5120445 -0.035643063 -0.13991466 -0.9499405 0.059227463 0.4138854 0.56179106 0.024178235
455:-0.25450063 0.49238145 -0.3625151 -0.056430783 -0.56312394 -0.581891 0.18658832 -0.24390452 0.48004305 0.165383
67:0.3136268 -0.3767217 -0.1949033 0.22456102 0.19602595 -1.1564229 0.57133025 -1.0449814 -0.4054412 0.018524274
388:0.12610063 -0.019545935 0.26982683 0.16198935 0.5691625 -0.59550923 -0.44710714 0.0054395935 0.19402903 0.14508395
169:0.17421168 0.08883148 -0.78304785 0.098577425 -0.44078648 -0.56909996 0.6221652 -0.13840824 -0.013450451 0.16956522
444:0.14194213 -0.32157487 -0.11743487 -0.27066588 0.21836743 -0.55022186 0.2739751 -0.68102723 -0.28431222 0.23467389
193:-0.37996826 0.4263554 -1.0856633 -0.13650423 0.05604784 -0.30646473 0.09136883 0.120807596 0.123905234 0.23472343
302:0.11857008 -0.06904978 0.045523077 -0.18594903 0.6363319 -1.007009 0.21118149 0.026650352 0.38016197 -0.25199333
153:0.53804135 -0.0031412975 -0.7682072 0.14561231 -0.38202772 0.36351955 0.21940255 0.5316507 0.2559735 0.84862006
844:0.27755886 -0.3828921 -0.1016664 0.20308015 0.3367695 -1.3047346 0.26415205 -0.70553315 0.040171456 -0.06426272
335:-0.2582969 -0.2681401 -0.25612155 0.29766122 0.6735049 -0.34872293 -0.058513016 -0.45625943 -0.31261328 0.11718082
885:0.11862561 -5.040955E-5 -0.19168267 -0.21696629 -0.37685743 -0.3353243 0.49561745 -0.5787071 -0.39294255 -0.05942487
735:-0.15807128 -0.00821842 -0.7837595 0.20528801 0.6442055 -0.2526701 0.8444116 -0.36379305 -0.40204552 0.057409473
664:-0.032483414 -0.15997754 -0.62005025 -0.029484222 0.21485144 -0.9135043 0.4546217 -0.18212654 -0.14366533 0.0326856
93:-0.07477435 0.15924256 -0.30922726 0.14049324 -0.26889852 -0.5990972 0.71208346 -0.6466756 -5.2119646E-4 0.19787471
158:-0.5038169 0.4044139 -0.68983835 0.24357557 -0.73822874 -0.3123836 0.0049985247 0.01304706 0.46537244 -0.34302932
458:-0.13612671 -0.41724417 -0.1719623 0.08641461 -0.15253082 -0.7595656 0.4398806 -0.20230374 0.02069301 0.18349291
997:-0.12168651 0.23923545 -0.030102022 0.023020161 -0.054116037 -0.47231653 0.22249666 -0.36981198 -0.2498361 -0.0938362
182:-0.19370012 -0.18041758 -0.058589317 0.081696525 -0.23234917 -0.71030086 0.4140494 -0.07203906 0.6594935 -0.18144165
147:0.10004496 0.20925167 -0.5205171 -0.08908063 0.41757253 -0.4438774 0.2096169 -0.298448 0.2784487 -0.021879908
616:-0.37446764 0.35320464 -0.34540448 -0.03733677 -0.48801705 -0.44146168 -0.14483215 -0.7040403 0.6837911 0.15821199
589:0.09808764 0.027401771 -0.089348316 0.0479728 0.2942698 0.3982679 0.13437848 0.23874927 0.17017065 0.1417686
544:-0.15633895 -0.017293133 -0.29760557 0.31753808 -0.29498145 -0.4551985 1.0648711 0.26167753 -0.23816368 -0.10974936
436:-0.2227336 0.16373798 -0.51646954 0.39443788 0.28512087 -0.49004692 0.43595845 0.058862653 -0.0033141223 0.09155533
862:-0.101487376 0.07480524 0.21857524 0.047284827 0.14909266 -0.60544044 0.013131895 0.13517834 0.27998853 -0.09798378
836:-0.0053909468 -0.28549317 -0.42876154 0.5541371 -0.02754358 -0.40763634 0.8304765 -0.52828765 0.1599964 -0.18085063
697:-0.039470464 0.06082603 0.18972544 -0.019127063 0.06658542 -1.2098223 0.84495175 -0.44387743 0.02879467 0.211221
12:-0.55902374 -0.06951649 -0.25686976 0.18501359 -0.18598245 -0.30835325 0.7056965 -0.47648787 -0.14927484 0.353332
223:-0.26797253 0.2824729 -0.14248897 -0.2205636 0.25349072 -0.071776785 -0.1101427 0.12004097 -0.092539944 0.039427932
541:-0.3839746 -0.03579271 0.05962254 0.06832356 0.40009186 0.20507234 -0.011809083 0.036661632 -0.36859605 0.1843424
66:-1.012814 -0.33279932 -0.2812076 0.044946413 -0.47372803 -0.94480395 0.8217349 -0.6598315 -0.54943866 0.017134346
216:-0.21173184 0.20908721 -0.3629788 -0.302647 -0.47872683 -0.4702065 0.41674706 -0.030652098 0.23982072 0.51731694
89:-0.12431722 -0.19733734 -0.5751339 0.415414 -0.18388417 -0.56397754 0.75914663 0.27394447 -0.23617552 0.16378483
963:-0.21728915 0.0035791846 0.40022448 1.1501228 -0.2800083 -0.8331654 -0.28642955 0.10471388 0.06368572 0.5324953
608:-0.26360515 -0.24170347 0.22384243 -0.25500664 0.5477772 0.22908 -0.044792462 -0.106774874 0.13577807 0.23326899
124:0.0016795364 -0.009364719 0.25086725 -0.08172524 -0.10654141 -0.83153635 -0.09726805 -0.4291032 0.06574892 -0.115436375
84:-0.01633887 0.1952236 0.056401357 -0.120157026 0.45884395 -0.42434132 0.16309601 0.079735756 0.148608 -0.1298514
833:0.2710778 -0.45067874 -0.42059106 0.58566266 -0.06754405 -1.1274065 0.81602216 -0.64461315 -0.27200583 0.12646013
638:0.31990036 0.012029647 0.16994539 0.06622928 0.15885732 -0.75389755 0.492593 0.024943339 0.11922708 -0.39860722
8:-0.10478778 0.67540413 -0.58714014 0.445878 -0.46138266 -0.77994037 0.8954289 -0.025704905 0.07745293 0.1739896
73:0.1790349 -0.21463928 0.26344267 0.27585888 0.441703 -0.34527645 0.11588055 -0.28455073 0.43760172 -0.13808198
941:-0.4368122 -0.20832244 0.008693919 1.2290468 0.055353764 -0.57328576 -0.26829305 -0.30624112 -0.114875995 0.26684952
307:0.31546876 -0.19819231 0.0212154 -0.34196252 1.2324655 -0.7819355 -0.19955313 0.052706134 -0.16509944 -0.038417332
678:-0.14654437 -0.030262433 0.43898886 0.12926492 0.4980042 -0.23987246 -0.066030756 -0.14815919 -0.013546375 0.05846458
501:0.26283842 -0.16108151 0.045736026 -0.28926554 0.85190946 -0.6998935 -0.102664664 -0.030137835 -0.20092197 -0.074239366
519:-0.3002606 0.37350404 -0.65228915 0.3685062 -0.15786174 -0.18626326 0.43492016 -0.20932199 -0.22349636 0.31190228
276:-0.1922686 0.16840981 -0.8762854 -0.20313644 -0.7091818 -0.82712525 0.15162694 0.2956434 0.37991244 0.07138571
164:-0.18812782 0.034696568 0.10027989 0.23256555 0.24624996 -0.59188914 0.039834745 -0.11193814 -0.012659238 0.1610327
170:-0.3116954 0.073527336 -0.6223361 0.26708537 -0.32535347 -0.23886648 0.5210085 -0.30678275 0.09246968 0.041555673
425:0.03678504 -0.3336477 0.18345702 0.0051222444 0.3332861 -0.546235 -0.10766879 0.07924534 0.62416834 -0.3763063
813:0.20338646 0.1901132 -0.33093098 0.16102827 -0.4696838 -0.693525 0.57733613 -0.47042394 -0.34821215 -0.010312504
78:0.23662744 -0.07768569 -0.40782753 0.06947558 0.4006976 -0.698836 0.57800925 -0.25329897 -0.1811818 0.23907226
881:-0.16264535 0.27084166 -0.48886606 0.04002722 -0.39958853 -0.81728977 0.8582564 -0.9303736 -0.30625808 0.27043292
526:0.18906836 -0.12381586 0.1360861 0.045008767 0.6006254 -1.1756922 -0.30844957 -0.42544287 0.0070645786 0.25684732
993:0.092965044 -0.2983722 0.05472877 0.39855796 0.2796133 -0.22832072 0.31807116 -0.4379251 -0.048131492 -0.0049988492
952:-0.09718389 -0.43139735 0.054683417 0.6458124 -0.36057815 -0.43653277 -0.41633525 0.16366252 0.39570484 0.4452388
461:-0.25383773 0.2514974 -0.08011246 -0.26000983 0.58963513 -0.5188886 -0.1448103 -0.19139494 0.076033056 -0.3557711
324:0.30610922 -0.14808108 -0.09573265 0.066516735 0.3902591 -0.7601533 0.06668131 -0.16610035 0.24941015 0.35241258
332:-0.509968 0.44407168 -0.22378445 0.533266 -0.13610199 -0.48174348 0.7725608 -0.3828865 -0.31116095 -0.031061497
175:0.30083513 0.13301636 -0.27293056 -0.15497462 0.4559067 -0.65897256 0.19437435 0.19509223 -0.08162182 0.15716682
19:-0.35553795 0.6020457 0.044397656 -0.2715369 -0.3451192 -0.05661319 0.56727415 0.47924945 -0.22419256 0.58160615
313:0.007413078 0.3549824 -0.22007847 0.23562288 -0.28023845 -0.94947875 0.14392702 -0.87018096 0.27932778 0.18247479
918:-0.21724512 -0.8278794 0.31489345 1.0052409 0.034281217 -1.0761571 -0.25314304 -0.21954425 0.438607 0.16772075
724:-0.48588228 -0.29116532 -0.4289563 0.064818546 -0.17829758 -0.6208198 0.8635421 -0.5991716 0.08760701 0.060053233
362:-0.36853 0.26340675 -0.35220924 -0.10657663 -0.37396175 -0.61776775 -0.01005252 -0.44565606 0.6334871 0.10962802
265:-0.4048823 0.16106302 -0.20343943 0.19005832 0.43966767 -0.366248 -0.29083598 0.20522954 0.43698844 -0.5890899
806:-0.21872972 -0.30354822 -0.16792521 -0.10813723 0.83460426 -0.54345685 0.06848911 -0.24528702 -0.118942864 0.421041
100:-0.4267599 -0.9333613 0.13314593 -0.36619362 0.08139073 -0.87995356 0.9328306 -0.5559827 0.07847627 0.027562322
732:-0.15346044 -0.107057005 -0.76738936 0.57434237 -0.25544667 -1.3285137 0.5759165 -0.74247634 -0.32895434 -0.1286371
23:-0.2588369 -0.06972939 -0.59005094 -0.1372298 -0.30299613 -0.6484664 0.49657607 -0.2954093 0.2510231 0.17264181
433:-0.1483148 0.45851323 -0.11044892 0.31939057 -0.20468031 -0.7768424 0.9035194 -0.11921409 0.0059790732 0.09694055
62:-0.46624616 -0.47013628 -0.10417373 -0.20571238 0.2374192 -0.042331807 0.27502736 0.84785014 0.21909554 -0.42741546
552:-0.5969804 -0.047537476 -0.5608954 0.15775365 -0.48510432 -0.2887143 0.11776755 0.07808369 0.43336907 -0.030855762
321:-0.1397813 0.51303434 0.10268044 -0.029226577 0.7524264 -0.9619727 0.012170834 0.09647437 0.57910967 -0.12397313
580:0.07559125 -0.094295695 0.1892387 -0.08728462 0.35144913 -0.9576097 -0.054849412 -0.05002618 -0.039183956 -0.25128642
929:-0.44447514 -0.18241706 0.5957542 0.87434655 0.37505066 -0.8739998 -0.42047018 0.024002468 -0.13299926 0.7187577
537:0.09779595 0.43207207 -0.366147 -0.17410065 0.5712388 -0.84743804 0.03877078 -0.0229675 0.21634339 0.51592994
135:-0.26714543 -0.337025 -0.06839168 -0.16848196 -0.35294396 -0.5284476 1.0095892 -0.45775852 -0.2380759 0.2127217
896:0.68030226 -0.33150518 0.08181494 0.31912825 0.16074587 -1.197158 -0.23941274 -0.723411 0.35357335 0.23399007
4:-0.23860273 0.53160113 -0.44172463 -0.53194916 0.08500865 -0.88638085 0.26590168 -0.15957846 0.108343326 0.5403345
869:0.13479695 -0.07429655 -0.42985043 -0.23289058 0.26085278 -0.97260356 0.33978698 -0.58233017 0.11852653 0.4357932
121:0.3096486 -0.5390718 0.32734695 -0.09374416 0.8955892 -0.745834 -0.3437026 -0.32050675 0.2363425 0.40543452
343:-0.4286986 0.49292865 -0.34911448 0.17587313 -0.7570059 -0.7978237 0.70453763 0.19829424 0.088591956 0.36396715
523:0.004943845 -0.22566243 0.27651238 -0.28782254 0.7841017 -0.6988175 -0.15455064 -0.33988288 0.21518739 0.058649715
829:0.0312121 0.027940704 0.04501261 0.29872954 -0.07269082 -0.8173005 0.69539833 -0.60708004 -0.08305395 0.24756373
88:-0.43486568 0.085940756 -0.13660114 -0.20662844 -0.12378996 -0.5378738 1.1182698 -0.42117792 -0.034051638 0.6849177
421:0.14140818 0.373295 -0.29513922 0.036962844 -0.28596458 -0.7120261 0.49117294 -0.24167709 0.23905683 0.5587826
702:0.0269367 -0.12695467 0.07241092 0.40510058 0.52143294 -0.59584355 -0.37109032 -0.26406994 0.04304691 -0.1768365
450:-0.093844466 -0.04055939 0.015195314 -0.05097602 -0.37900046 -0.62100214 0.5383522 -0.021334358 0.41466612 0.08508795
77:-0.17379503 -0.02055885 0.016568538 -0.05038044 0.72614586 -0.88867176 -0.004848289 -0.3544929 -0.36242077 0.31664744
415:0.25776273 0.7018649 -0.7121541 0.093270674 -0.44404852 -1.2860185 0.69157994 -0.08455947 -0.14677498 0.25630942
40:0.035285123 0.17840251 -0.21082433 -0.30212706 0.55848473 -0.82302624 0.293441 -0.64108235 0.17586702 -0.24220882
534:0.2166058 -0.09760219 0.17723216 -0.084250495 0.51645595 -0.85941416 -0.2822373 -0.07039005 0.56605494 -0.27145797
955:-0.29675582 -0.26497963 0.7339987 0.646415 0.31276682 -0.67150265 -0.63269466 -0.09449484 0.22840472 0.5540551
593:0.023085969 0.16262202 0.015280231 0.19792633 0.45229343 0.50179845 0.0020540445 -0.20364138 0.24110702 0.046622455
674:-0.1710996 -0.009907909 -0.30921933 0.40339443 0.16243838 -0.075495295 0.4405219 0.09096789 -0.28139797 0.45109296
318:0.0040459377 0.11119719 0.045834508 0.19930597 0.38665056 0.4652209 0.095248714 -0.30184627 0.30141625 0.079495385
378:0.057554744 0.12681131 -0.47386968 -0.2263322 -0.48143828 -0.86662894 0.61287326 -0.18868923 0.17235397 -0.18111496
798:-0.40280813 -0.19043992 -0.8619071 0.60206586 -0.15391016 -0.57012546 0.8065468 -0.2153163 -0.046810437 -0.0525065
418:-0.117371485 0.425932 0.37295216 0.07549802 0.15815397 -0.42994726 0.5280028 0.28398204 0.22671452 0.13902687
373:0.03135324 0.23450911 -0.1785772 -0.17420237 0.75257254 -0.74840754 -0.06282251 -0.08927241 -0.23407559 -0.04040857
110:0.04561324 0.1937342 -0.1682641 0.35133 0.48904017 0.46465877 0.21261229 -0.014053884 0.17668921 -0.053474978
762:-0.7484971 -0.48757598 -0.15961514 -0.25056913 -0.63856715 -0.49367028 0.8933325 -0.44791797 0.26601267 0.093923666
469:-0.1698442 -0.06223593 -0.4833692 -0.04786238 0.42178422 -0.7029485 0.48268592 -0.30144173 0.18216224 -0.0633743
990:0.006652601 -0.16898455 -0.7464021 0.38339663 -0.34576213 -0.83881295 0.76695883 -0.42499617 -0.2490624 0.23465364
783:-0.51066554 -0.12466526 -0.055385005 -0.22637284 -0.45706856 -0.32211164 0.08125678 -0.6631426 0.7415371 0.28408465
504:-0.47744128 0.6479943 -0.9631296 0.6077048 -0.88241535 -0.39598212 0.64827317 -0.25463095 -0.2695485 0.14907931
475:-0.22795175 0.055659037 -0.13703074 -0.36951968 0.54262054 -0.4294628 -0.11112047 -0.0542038 0.3233755 0.015978973
931:-0.46343702 -0.42798835 0.26706082 0.95670307 0.18682247 -0.6949487 -0.4961082 0.42672712 -0.4754473 0.7699974
944:-0.2003544 -0.42358714 0.29688564 0.84190774 0.20550786 -0.25456688 -0.43928674 -0.24006225 0.16124007 0.40996486
914:-0.33082712 -0.26002476 0.31561363 0.7436655 -0.08507172 -0.5549129 -0.50032574 -0.16907828 0.38473377 0.12875913
716:0.22140935 -0.065343164 -0.61495906 0.4369385 0.2680964 -0.1338116 0.38975978 -0.5129328 -0.18456076 0.61225843
320:-0.006653304 -0.04826481 0.26672703 0.13789156 0.29770014 -0.040922176 -0.06849911 -0.3007411 -0.27513823 0.30681348
743:-0.29337627 -0.44284317 -0.26588413 -0.33124292 -0.16928884 -0.3680293 0.89846355 -0.78662676 -0.076814495 0.08664909
681:-0.26643834 0.21812883 -0.051076718 0.26565647 0.11910203 -0.44578794 -0.41118142 -0.06289746 -0.5510942 0.209149
481:-0.057962697 0.60239255 -0.40550968 -0.226883 0.26158515 -0.5826651 0.4733687 -0.14753626 -0.01650567 -0.0943523
15:0.23736526 0.10848609 -0.4873584 0.0015464851 -0.5486432 -0.43227223 0.7022104 -0.29249358 0.012768731 0.14400725
549:0.15855402 -0.22903681 0.5014595 0.042974025 0.64184946 -0.9380116 -0.26203778 -0.15347393 0.12363334 -0.07105801
269:0.35058302 0.021350771 -0.15457979 0.34582835 0.53803843 -1.0673159 0.3370709 0.14627142 0.021711173 -0.2498242
920:-0.5476835 -0.19792233 0.23477498 0.482629 0.045765053 -0.1805676 -0.3487225 0.11394278 0.14523949 -0.092577405
486:-0.0066585466 0.18779804 -0.19289552 0.3382334 -0.07377425 -0.55217785 0.5490491 -0.26751453 0.13863184 0.3364624
11:-0.20343561 0.39647734 0.16845569 -0.08362171 -0.111123845 -0.24587637 0.06675007 0.611816 0.3469356 -0.27093467
104:-0.393929 0.03494677 -0.17661504 -0.45333028 -0.28859058 -0.23104876 0.5127266 -0.013133384 0.42648962 0.12301118
892:0.12357006 -0.09261029 0.23081979 0.028750718 0.24191628 -0.70182014 0.07109926 -0.032461815 0.33682495 0.014875357
851:0.32919323 -0.18933803 0.2987467 -0.18153279 0.23432744 -0.5819626 0.29190373 0.010591891 0.21238126 0.41070193
556:-0.09629439 -0.14178902 0.03944597 -0.05981786 0.89499784 -0.66441756 -0.2355961 -0.21909922 -0.017074114 0.10621069
9:-0.8444811 -0.9472161 0.06811069 -0.03942019 -0.6144297 -0.5111362 1.1937459 -0.5858128 0.19683594 0.40590894
141:-0.19247249 -0.32592872 -0.031552464 -0.07069222 0.030375794 -0.09956588 0.4125573 0.8964471 0.14381811 -0.37684664
181:-0.35142422 -0.0073101646 -0.55459076 0.5915324 -0.4631781 -0.37126723 0.53687596 0.09510779 -0.08521349 0.37292892
802:-0.45313987 -0.55074674 0.104121566 -0.36107296 -0.3078135 -0.37515393 0.86357385 -0.32036695 0.4343218 -0.05915863
132:-0.054222453 0.18442328 -0.54636234 0.02432639 -0.5258936 -0.5280474 0.37875968 -0.1887387 -0.0500284 0.14676115
870:-0.24838534 0.008670492 -0.44183347 -0.14446047 -0.13418585 -0.69457054 0.27938542 -0.28708592 -0.30053312 -0.08060712
746:-0.6065471 -0.28796664 0.3867192 0.8680661 0.42122388 -0.7212795 -0.6315491 -0.3715198 -0.32423413 0.44604534
751:0.013843216 -0.28207734 0.17237765 0.5727004 0.4271169 -0.40580133 -0.7274288 -0.2856255 -0.32997137 0.3448427
201:-0.29170093 0.038541254 -0.18775266 0.28599972 -0.3441183 -0.66238034 -0.019044885 -0.28766733 0.21755733 0.401141
706:-0.21835281 -0.12275752 0.14719598 0.4101103 -0.15024251 -0.50833356 0.1236739 -0.43666855 -0.14623415 -0.018482503
44:-0.6961249 -0.09196687 -0.8400173 0.3576117 -0.54049146 -0.101352125 0.28306574 -0.11068895 0.21740755 -0.34069818
236:-0.60086703 0.44347605 -0.07278809 -0.03617176 -0.3527515 -0.45901766 0.09913972 0.38582233 0.48247573 -0.3856401
959:-0.64460355 -0.28147173 0.20251428 0.59096146 0.1451463 -0.92771024 -0.889373 -0.17915393 -0.11796653 0.25877616
385:0.21646719 0.08650159 -0.18666914 -0.09237193 0.49014807 -1.0383955 0.072379716 -0.29287636 0.073367774 -0.16434231
117:-0.2095391 -0.415933 -0.4611394 -0.05743868 0.84334224 -0.632792 0.27015084 -0.10744267 -0.41110137 0.17059112
904:-0.860874 -0.08332483 0.4327614 0.33176082 0.30925176 0.08317639 -0.33548447 -0.21193734 -0.14125961 0.34965524
273:-0.20590961 0.48680368 -0.58191085 -0.14661333 0.064884126 -0.40682128 0.11214027 0.098812275 0.16207895 -0.22225328
908:-0.7886675 -0.021132246 0.42213556 0.3638631 0.35540622 0.06901947 -0.33024174 -0.34420133 -0.21120217 0.2046129
567:0.11466197 -0.07962315 0.13590968 0.07523895 0.74607927 -0.7851844 0.08712423 -0.454882 -0.042332426 0.32268447
650:0.16821696 -0.05062735 -0.25096965 0.18495901 0.504614 -0.75834984 0.60784316 -0.5031909 0.4225808 -0.30556592
497:-0.23814194 -0.048250075 0.0042107417 -0.112764224 0.08612514 -0.44316494 -0.3614626 0.19380845 0.6091359 -0.048569217
492:0.063221484 0.1594921 0.0057219435 0.086574785 0.5901192 -0.60372597 -0.1882105 0.13767733 0.1961721 0.17868958
346:0.07125306 -0.09489285 -0.0063975444 0.18867517 0.247503 -0.69860077 0.0048137144 -0.13125291 0.5047488 -0.11479798
670:-0.8029351 0.060353618 0.54112333 -0.13659911 0.77821445 -0.4548317 -0.50783515 -0.6850037 -0.07005884 0.19100913
613:0.32983285 -0.17271681 0.12347889 0.3167013 0.18779919 -0.94804496 0.5107372 -0.26006433 0.39698943 -0.16456872
280:-0.20611338 0.10060165 -0.5684261 -0.05001632 0.018072769 -0.46516666 0.11596449 0.13295694 0.33355606 -0.27287695
840:-0.002958821 0.340374 -0.4889765 0.306736 0.5597784 -0.79662126 1.0181197 -0.6742653 0.14755094 0.3572246
919:-0.4803106 -0.029649107 0.3014156 0.4521893 0.1018087 1.0552691E-4 -0.21553457 0.051149942 0.05825974 0.21041176
936:-0.2518901 -0.3296137 0.35341895 0.7468469 0.44395337 -0.9380493 -0.5763384 0.018081138 -0.17029485 0.42038593
287:-0.023694152 0.3817211 -0.09779469 0.022197576 -0.15283336 -0.94907683 0.19957024 -0.10859622 0.16907457 -0.07899201
668:-0.34114835 -0.100811355 0.29271254 0.5432271 0.67541915 -0.5954072 -0.79580486 -0.4402094 -0.25203794 0.055924084
454:0.06300534 0.42533332 0.21386439 0.33377844 0.15307724 0.09382531 0.67136693 0.5488934 0.19741622 -0.09688342
627:-0.08144497 -0.35194078 -0.25813377 -0.08606473 0.5257248 -0.31547827 0.5524202 -0.29587927 -0.26582628 0.048156235
466:-0.8279599 0.29525003 -0.63616043 -0.15801007 -0.5759431 -0.24183281 -0.09729221 0.08823932 0.38038334 0.18058288
351:-0.04166826 0.23762025 -0.2769436 0.1637404 -0.10946912 -0.71988726 0.5681528 0.15653548 0.4663932 0.10961925
585:-0.30433756 0.1823363 -0.091118515 -0.1612895 -0.32326418 -0.5281829 0.12929456 0.09680701 0.23342797 0.25482476
692:0.29755756 0.19833805 -0.27686954 0.1982987 -0.38365898 -1.0977021 0.985142 -0.77632457 -0.1664445 0.21448845
540:-0.44196185 0.5761158 -0.5888569 -0.29139897 -0.4826931 -0.46288267 0.13560794 -0.3257667 0.11152364 0.1274577
407:-0.71297795 0.2579084 -0.61008644 0.25181127 0.2025458 -0.41513994 1.1351179 -0.10043615 -0.76147556 -0.03166782
291:-0.52913356 -0.15300399 -0.32181337 0.5776938 -0.26228166 -0.6684372 0.2527196 -0.54283744 -0.5259675 0.08199643
948:-0.22560336 -0.651051 0.29879478 0.44839135 0.29030302 -0.7336263 -0.63296163 -0.08725209 0.30490822 0.5870278
866:-0.013545177 -0.048377264 -0.1666743 0.18031393 0.49572587 -0.5222037 -0.015652522 0.04041013 -0.1518934 0.04519591
262:0.03691262 0.06585937 -0.0044097397 0.17919879 0.05871447 -0.5817259 -0.13934101 -0.054867547 0.6430769 0.20098057
298:0.2463914 -0.15664206 0.210979 0.3479928 0.7116615 -0.79597956 -0.19304936 0.07679876 0.13065027 -0.16788243
186:-0.5556169 0.3029856 -0.2727262 0.1492977 -0.679845 -0.40708196 0.096412264 0.48496276 0.19256587 -0.24952072
769:-0.012007516 -0.49050838 0.63533616 0.3903556 0.24669486 -0.87388545 -0.059501078 -0.09083035 -0.3543681 0.43447536
227:-0.18292531 0.6043695 -0.6981227 -0.07860148 -0.59029806 -0.57302064 0.38115573 0.4521941 0.058721397 -0.19253024
250:-0.2212275 0.5465931 -0.8546431 0.3006686 -0.7404773 -0.8238696 0.8323807 -0.64213586 0.16091898 0.37514737
392:-0.07936039 -0.1085172 0.021669133 0.12930682 0.08372296 -0.11220084 0.7590291 -0.008168472 -0.31050923 0.23810391
588:0.4107498 0.069717474 -0.1123988 0.12007673 0.007328348 0.27818522 -0.01092915 0.30958253 0.4146206 0.70440996
22:-0.3846332 0.16777933 -0.40921116 -0.24265294 -0.100438334 -0.34572306 0.13626924 0.106374785 0.35263714 -0.12777412
329:0.08388384 0.050183423 -0.12774898 0.613131 0.076048695 0.46995616 0.50898767 0.27763832 0.53587663 0.23267701
988:0.2918972 0.2583854 0.28826693 0.0036554355 0.2305764 -0.8947766 0.38898024 0.082301155 0.03141397 0.18096498
55:0.2216741 -0.17341986 -0.24891537 0.28582096 0.71509117 -1.289174 1.1834184 -0.33163518 -0.5743264 -0.06997541
512:-0.5218139 -0.16361578 -0.33769262 0.16706915 -0.07478227 -0.37099916 1.4670472 -0.51477844 -0.82271796 -0.098637514
602:-0.08988946 -0.36979097 0.033786155 0.17651476 0.8482902 -1.0283499 -0.49945056 -0.4111854 -0.065290816 0.26059842
393:-0.26864752 0.19813116 -0.6986828 0.13878572 0.07640606 0.045960154 -0.38915056 -0.23832452 -0.050998513 0.1397485
163:-0.67073447 -0.08044407 -0.57249624 -0.10850029 -0.22731775 0.027482724 0.018338231 0.1600534 0.15170446 -0.01699088
26:-0.0043379595 -0.49831018 0.17654051 -0.10542704 0.48578218 -0.7650915 0.5657343 -0.20849195 -0.16251817 -0.08561782
224:-0.28421187 0.25077686 -0.21265163 -0.25582793 0.035038557 -0.634056 -0.13590069 0.3875252 0.39613238 -0.3231356
303:-0.2868232 0.43574837 -0.7708208 -0.10724135 0.15689895 -0.38009307 0.38877124 0.19902751 0.025095338 0.06424991
884:0.09082527 -0.2157546 -0.12481265 0.60559505 0.29086506 -1.1848794 -0.0052611474 -0.9268451 0.042485837 0.59073025
962:-0.58798325 -0.064809345 0.17186625 0.5105166 0.5112204 -0.3374591 -0.24108522 -0.14118962 0.1336964 0.5283276
50:-0.20825255 0.15054713 0.30069417 -0.15349299 0.43396473 0.39681238 0.11546979 -0.122852474 0.11910583 0.27453297
460:0.065805025 -0.0023913744 -0.26286337 0.1665507 -0.27404356 -0.9254661 0.39632398 -0.33822525 0.070209146 0.09227055
123:-0.17318809 -0.14548574 0.21933047 0.26061207 0.69755334 -0.5854761 -0.044319082 -0.21548061 0.054157216 -0.058232002
390:0.48670754 -0.058000308 -0.050585307 0.53486425 0.38985497 -0.48153666 -0.06689749 0.017513478 -0.31056774 0.8702405
750:-0.72221243 0.07532297 0.24701133 0.064414866 0.38661712 0.17858021 -0.18715338 -0.15520136 -0.3609797 0.3166432
639:0.054993346 -0.45345485 -0.20303181 0.33542097 0.27113003 -1.1879958 1.2031854 -0.84138423 -0.018079612 -0.13585098
617:0.20166804 0.10974365 0.49874675 0.13208015 0.56495726 -0.9145117 0.04942709 -0.13632783 -0.19061953 0.2997646
174:-0.026222225 0.47591254 -0.80204535 0.051990245 -0.31098044 -1.350146 0.75970435 -0.38319713 0.028689593 0.24221462
410:-0.11786898 0.67638445 0.13766247 -0.10791885 0.16100512 -0.10193246 0.5112542 0.45395252 -0.22223368 0.35480577
361:0.15872978 -0.08718863 -0.12715252 -0.4321927 -0.28837144 -0.90271574 0.1864953 -0.02226504 0.35533482 0.32145727
382:-0.12491525 0.1567685 -0.59374917 0.46771422 0.16842344 -0.38989347 0.49899107 -0.1239031 -0.06203232 -0.058993082
429:-0.6044081 0.14224495 -0.74120677 0.46675155 -0.32129785 -0.42784324 0.7408644 -0.39448065 -0.6739943 0.8962358
37:-0.04922807 -0.21437463 -0.08564236 0.2251518 0.19765298 -0.33688426 -0.0027723315 -0.029798426 0.07378593 0.22013387
907:-0.2824164 -0.12569514 0.31218183 1.1547378 0.13974103 -0.84597915 -0.4092777 -0.16730799 0.08355834 0.42215875
68:0.35979313 -0.32888818 -0.012544888 0.21878839 0.31019223 -1.0285608 0.6643902 -0.360188 -0.11433715 0.2538644
242:0.5040732 -0.1775216 -0.44695255 0.2758638 0.41461617 -0.8235386 -0.17183311 -0.12548493 0.65705985 -0.44638318
166:-0.0071623884 -0.25447014 -0.12261852 -0.109697424 0.34743974 -0.20890561 0.51008904 -0.45703578 -0.44770244 0.13371038
61:-0.46506006 -0.12596725 0.30000672 -0.14167091 -0.120309055 -0.93746376 1.256754 -1.0548475 -0.049259566 0.105897784
107:-0.1879076 -0.4304763 -0.06100138 0.0013722244 -0.14755797 -0.5142578 0.45808628 -0.6371296 0.30875736 0.103250585
491:-0.00449841 0.1863383 -0.46359175 -0.28003788 -0.021855142 -0.82167 0.19011676 -0.100856565 0.6595186 0.017100504
928:-0.48742613 -0.0794462 0.5711972 0.749241 0.2501632 -0.5217362 -0.5295881 0.32743213 -0.05444657 0.5360361
765:-0.25336364 0.2902818 0.11390096 0.020754585 -0.22310528 -0.6066817 0.85224086 -0.34092912 -0.109379254 0.2701663
356:0.09212532 0.27451137 -7.6539116E-4 0.24104801 0.29445755 0.39767364 0.058746535 -0.059026584 0.33287472 -0.10608932
217:0.18042614 -0.0057424316 -0.009974474 -0.05644021 -0.3033639 -0.7359654 0.39188308 -0.01731534 -0.002021906 0.059085157
736:-0.103551395 -0.6948066 -0.14103352 -0.017501622 -0.1700749 0.14942849 0.63132787 0.7594867 0.16156013 0.13190024
328:-0.29364473 0.40432042 -0.9410288 0.16718405 0.043257277 -0.4859834 1.0110644 -0.4673827 -0.6336607 0.11453467
13:-0.0630657 0.42450073 0.2082521 -0.16194883 -0.48904482 -0.78301746 0.4656823 -0.5833106 0.56552744 0.535032
509:-0.2891476 0.088105746 0.06153258 -0.2502351 0.39293075 -0.33276498 -0.19041425 0.32313725 0.37196633 -0.56152505
46:-0.10273755 0.05723389 0.07106221 -0.41557616 -0.1542912 -0.9247525 0.38876197 0.0059238775 0.46719757 0.14311443
206:0.39648888 0.25619608 0.24995892 0.2584384 0.66914105 -0.9150061 -0.042879716 -0.6224109 0.05736018 0.42165917
255:0.043906804 0.3951201 0.11366415 -0.31333458 -0.1296615 -0.7273795 0.25795734 -0.30943376 0.17685486 0.29017884
728:-0.0032827752 -0.31648067 0.13799474 -0.06718684 0.49830014 -0.909634 -0.0065425783 0.18933927 0.26592866 0.07239556
325:-0.3959938 -0.20333184 -0.32275698 -0.04440463 -0.46239367 -1.297257 0.6901103 -0.45888263 -0.050355338 0.4575328
877:0.039453402 -0.103296734 0.11110584 0.36564505 0.43591076 -0.76634794 -0.3013275 -0.50643694 0.0021358507 -0.027163263
516:-0.014226893 0.8443795 -0.30482 0.15388374 -0.6135506 -0.87416005 0.7173739 -0.43251598 -0.23755534 0.15122692
595:0.24484305 0.11075759 0.050506108 0.45183238 0.051251292 0.24134615 0.096403964 0.21095033 0.6531127 0.44582328
949:-0.033054493 -0.5235228 0.31743008 0.7465981 0.42072466 -0.5259343 -0.30048478 -0.27483705 0.059678704 0.1707069
296:-0.04154601 -0.008041207 -0.23844847 0.048422996 0.51766694 0.4288124 -0.16890432 -0.2977891 0.28541216 0.26022828
99:-0.11824743 -0.21112987 0.092570305 -0.034014836 0.8723913 -0.83781433 0.62894994 -0.63038296 -0.28648615 0.3466304
437:-0.024813956 0.16788678 -0.63561153 0.20673732 -0.8706463 -0.8173886 0.3736834 -0.260423 -0.083487615 0.4854692
177:-0.39878228 0.2846803 -0.8267854 0.06980152 -0.1464609 -0.5789265 0.6059089 0.1208043 -0.5574585 -0.10878567
837:-0.06641289 0.06331394 -0.30352736 0.25240245 -0.29094648 -0.54076374 0.43655506 -0.422948 0.089616485 0.29756555
606:-0.06688419 0.22534204 -0.3862089 0.12612282 -0.10134924 -0.42936754 1.028102 -0.56882274 -0.16779937 -0.002209358
973:-0.3724524 -0.27314833 0.53406686 1.0316232 -0.0073751053 -0.73113513 -0.73185414 -0.20126966 0.2803932 0.07119861
538:-0.0014617725 -0.10229694 -0.16293012 0.028865483 0.5375525 -0.6173105 -0.108602814 -0.045747902 0.3029783 -0.18672742
714:-0.16393058 0.23876819 -0.26219404 0.22126283 0.48728243 -0.35344863 0.0537013 -0.2544045 -0.4306136 0.36827424
441:-0.3228158 0.19401805 -0.10658781 -0.26551345 0.56615925 -0.37863162 0.15616485 0.06760507 0.0687152 0.37854165
24:-0.31287834 0.10851127 -0.5073601 -0.021598121 -0.21267413 -0.19156642 0.5921156 -0.14571422 0.07875613 0.24886087
848:-0.34578142 -0.8590534 0.1138526 0.20828399 0.23867717 -0.7957113 0.7135088 -0.24623595 0.042957995 -0.116672635
253:0.07058079 0.3060065 -0.024989814 0.54822475 0.2634868 0.08179822 0.71898717 0.45047048 -0.0246131 -0.34673718
805:-0.32146564 -0.63302654 0.07534438 -0.11517968 -0.13748391 -0.39653224 0.49333555 -0.6024206 0.73287225 -0.07863707
527:-0.18243314 0.092772074 0.3901239 -0.07337242 0.39257148 0.29447216 -0.052812535 -0.13447605 0.32346994 0.06305517
209:-0.15750898 -0.031893473 -0.21375625 -0.057727553 -0.11361613 -0.73727995 0.30745152 -0.7945626 -0.21931072 -0.117457405
888:0.24742465 0.033340953 -0.35700294 0.21797672 -0.14102292 -0.6176196 0.8515763 -0.5856557 -0.31746352 0.4270622
459:-0.7017771 -0.073591135 0.060203247 0.15369302 -0.29408556 -0.61093515 0.45032415 -0.24425833 -0.012721608 0.2723923
661:-0.54379505 -0.27128458 -0.048379865 -0.09979474 -0.40448093 -0.42994392 0.2713434 -0.5426152 0.6833916 0.20215781
155:-0.3271413 -0.28010783 -0.46006513 0.036827087 0.52655673 -0.6204087 0.20316547 -0.273245 0.4622671 -0.25687912
899:-0.60662925 -0.13341892 0.3436223 0.60989857 0.08164592 -0.3573998 -0.6237425 -0.08596991 0.13086133 0.22544801
94:-0.08461388 -0.24560793 0.077626154 -0.33968064 0.5241275 -0.7019705 0.7972228 -0.0822557 -0.17331453 0.2133498
448:-0.033188663 -0.05529328 0.04800899 0.23519745 0.38693407 -0.5596584 0.124868155 -0.1530865 0.1750205 -0.024632804
609:-0.47859415 -0.5537589 0.23434328 0.08778494 -0.4346126 -0.4664453 1.033344 -1.0386881 0.20864774 0.17197558
83:-0.08475658 -0.49230283 -0.13296261 0.15839614 0.3692549 -1.0461822 0.8728342 -0.5753207 -0.32229015 -0.032628953
917:-0.51923 -0.094035275 0.1350094 0.55841947 -0.35464337 -0.82806534 -0.12110541 -0.18775307 0.37845802 0.41076717
970:0.13720918 -0.25264674 0.43129495 0.83578366 0.41099226 -0.9446875 -0.26616293 0.12339874 -0.2454384 0.49806952
414:-0.34179303 0.19295575 0.04398166 0.7201474 -0.3877058 -0.8233258 0.24848734 -0.45428845 -0.26413044 0.21207209
35:0.30022508 -0.101934716 0.29911107 0.07884832 0.9035687 -0.80624604 0.08003926 -0.115597144 0.32824323 -0.2737987
314:0.13204297 -0.10586364 -0.0608578 -0.14423305 0.5847065 -0.56679696 -0.34204108 -0.045183808 0.2064135 0.22285353
903:-0.76946884 0.09013294 0.29067895 0.34886557 0.31431133 -0.0936844 -0.456347 -0.20401764 -0.16804367 0.2644236
233:-0.021930654 0.28850338 -0.17431979 -0.31712863 0.5989373 -0.7763418 -0.10436011 0.17860027 -0.10571531 -0.03731391
635:0.07380519 -0.43635145 0.06851846 0.2619165 0.23597729 -0.5254622 0.48383805 -0.054337718 -0.14683563 -0.23457086
306:0.112219036 0.0888944 0.18902788 -0.35272262 1.139136 -0.7195018 -0.31958136 -0.22304553 -0.14000255 -0.042498212
754:0.038817026 0.28190535 -0.010503107 0.39052254 -0.043741323 -0.26558393 0.7293256 0.029789696 0.08169527 -0.054428726
16:-0.5740293 0.14477344 -0.4567717 -0.41599825 0.28044072 -0.0012432708 -0.029440148 0.17255232 -0.06382798 -0.040255886
725:-0.043157622 -0.44725278 0.06467446 0.39672694 -0.28261292 -0.6433511 0.81128585 -0.62260354 -0.0938319 0.38141647
379:-0.39169002 -0.29343817 -0.7531568 0.65937066 -0.17228776 -0.066009864 0.8413226 0.03399776 -0.025021149 -0.25290236
731:-0.3816312 -0.163763 -0.2739636 0.25795072 0.36453155 -0.8323116 0.5458956 -0.76409626 -0.44005004 -0.06282113
495:-0.023188876 0.1045187 0.46880636 -0.037068505 0.4696319 -0.83453953 -0.04299202 -0.044849154 -0.36464033 0.3484759
79:-0.40448657 -0.91241574 0.20432596 -0.72341913 -0.02885619 -0.40089652 0.97730774 -0.35175258 0.4912702 -0.045094
426:-0.29824874 0.40848798 -0.35748458 0.28881863 0.30290878 -0.42926455 0.75067306 -0.0066409176 -0.4652832 -0.23194598
279:0.38388708 0.25279385 -0.004494394 0.073942214 0.47701797 -1.1315248 0.13094166 -0.01184536 0.46719185 -0.48852983
553:-0.5711506 0.279202 -0.45831582 -0.08540802 -0.06236084 -0.004672744 0.040031508 0.38656464 0.24296255 -0.24666192
761:-0.7574834 -0.43586162 -0.02537088 0.12370137 -0.12308584 -0.8362776 1.0106746 -1.1861681 0.09545584 0.2451376
784:-0.6370218 0.007508182 -0.3743711 -0.48307168 -0.32030362 -0.34799883 0.4064738 -0.10958612 0.0072715604 0.31788313
341:0.039313216 -0.1499999 0.29187375 0.28088412 0.36067986 -0.37185198 -0.64344305 -0.10027019 -0.038016047 0.14143427
152:-0.08503345 0.42515385 0.02756764 -0.036566433 0.20032467 -0.40065935 0.66042346 -0.093476444 -0.12286568 0.044370342
781:0.14776023 -0.3273359 -0.13539374 0.08502581 0.28239813 -0.8097112 0.67901516 -0.22574103 0.05354423 -0.20674017
583:-0.054352347 -0.102166675 -0.007562487 -0.31462523 0.772804 -0.31066647 -0.17440669 -0.04594693 -0.026181119 0.11550462
832:-0.55158526 -0.6441469 -0.072723225 -0.19386154 -0.11039706 -0.2158191 0.6613711 -0.36130077 0.31466147 -0.05111658
951:-0.31236312 -0.32386476 0.40390378 0.794369 0.10370824 -0.5968784 -0.5680192 0.18992838 0.17864905 0.7593419
231:0.2811024 0.16734056 0.2308247 0.07474932 -0.07163577 0.17823927 0.6234139 0.48141178 0.33063343 0.62914294
367:0.13224709 0.4295828 0.35976547 -0.06521908 -0.21927771 -0.009842215 0.44875708 0.52301854 0.19027941 0.26498416
599:-0.16384436 0.03095367 -0.07194271 0.28355062 0.41203454 -0.33430013 -0.2614979 -0.21347857 -0.28102645 0.589149
5:-0.49379894 -0.7114787 -0.35474086 -0.5865617 -0.45756796 -0.36901724 0.39841995 0.22138384 0.50351405 0.07842596
350:-0.67215276 0.49018997 0.039520226 -0.13032867 -0.38393986 -0.09640414 0.13545209 0.31128615 0.271754 -0.2634961
861:0.16239233 -0.14498948 -0.42751127 -0.17669515 0.17663379 -0.284842 0.5028903 0.24764349 -0.048412867 0.26237077
480:0.010431658 0.2695393 -0.15082927 0.26807207 0.25052297 0.4523168 0.3094546 -0.010184192 0.2829982 0.059629686
940:-0.25475475 -0.018224278 0.31137705 0.57631326 0.30838287 -0.25516495 -0.48998868 0.0522369 -0.18896636 0.2999679
103:0.0012484224 -0.19233747 0.14861603 -0.019976616 0.38952616 -0.926091 1.1795002 -0.7529655 -0.20905788 0.012653699
112:-0.4071251 -0.57994366 -0.4044412 -0.19435532 -0.010370899 -0.2178684 0.31118646 0.038159106 0.23917249 -0.08124314
72:0.16213772 0.33717847 0.22329223 -0.75114197 0.5973176 -0.48083112 0.15199679 -0.26730773 0.04557535 0.6240294
268:-0.006381094 -0.26808044 -0.0070118885 0.04905635 0.28436974 -0.7377122 0.019393675 -0.20881258 0.016589856 0.16030118
548:-0.25867268 0.20191391 -0.8871807 0.22023891 -0.13835628 -0.795106 0.8316371 -0.21856205 -0.31652412 -0.22215568
500:-0.059514716 0.51079905 0.55123657 -0.24830401 -0.31455246 -3.7024365E-5 0.46092176 0.599318 0.46917343 0.28589252
10:0.25722548 0.20271021 -0.06646717 0.5712071 -0.06284953 0.31437907 0.6708147 0.47287792 0.27419826 -0.08840607
801:-0.31474602 -0.118196905 -0.21678394 0.32445806 -0.50224346 -0.8624742 0.44124475 -0.19705978 -0.07150557 0.4598947
850:-0.10610237 -0.09735475 0.29174176 0.053082373 0.12637828 -0.32045364 -0.28777334 -0.30413917 -0.20655198 -0.009507662
274:-0.5016181 0.26354375 -0.7514833 -0.034615878 -0.63765454 -1.0721917 0.68059695 -0.013986535 0.21457364 0.37067398
330:-0.06286073 0.5530471 -1.1511555 0.39981356 0.12982309 -0.98987365 0.8819649 -0.52709484 -0.3722501 0.0021688375
199:0.08398722 -0.15103345 0.38370338 0.50262254 0.68461305 -0.8255519 -0.4923146 -0.37324968 0.23093389 0.50986916
900:-0.29668948 -0.45997462 0.5052581 1.1720703 -0.028023291 -0.64663965 -0.4157467 0.021988066 0.3066094 0.2917181
665:-0.11166007 0.05267422 0.11675552 -0.20774037 0.9545963 -0.2842804 0.29090524 -0.27301466 -0.2793342 -0.15536562
159:-0.0933916 0.20826939 -0.4579354 -0.091122225 0.15714027 -1.0424507 0.18053809 0.26231438 -0.21201761 0.24720332
631:0.023424838 0.4504552 0.32246312 0.4773684 -0.38256267 -0.82212585 1.2407757 -1.1916763 -0.16904357 0.20896775
353:-0.46098015 0.16577119 -0.38222268 -0.037973616 -0.08452237 0.03186702 0.20441759 0.32942122 -0.0050815362 0.031790294
522:-0.28061238 0.15408958 -0.56800693 -0.13060564 0.481932 -0.26114494 -0.04128753 -0.0057784375 -0.29161382 0.04422738
932:-0.053426202 0.061546516 0.2845936 0.55125153 0.120759666 -0.6919842 -0.4183684 0.36694175 0.34575728 0.2413286
144:0.2895996 0.02738038 -0.10294149 -0.33141056 0.2984699 -0.94461066 0.048707947 0.31415668 0.28217915 0.28810248
87:-0.59271955 0.35825843 -0.4176441 -0.024276702 -0.2807882 -0.6077496 0.67128336 -0.821458 -0.15940838 0.41994178
913:-0.6922584 -0.057518076 0.38389716 0.43728527 0.24215712 -0.23886704 -0.3938722 -0.107464135 -0.33803925 0.4530429
703:-0.05093983 0.052874725 -0.6591711 -0.04066795 0.19084102 -0.8905509 0.42656562 -0.37451568 0.1826479 0.4396529
742:-0.15242915 0.04673696 -0.30313626 0.6969415 -0.33647648 -0.59062165 0.88810474 -0.4689509 -0.4343067 -0.07438976
550:0.0077630403 0.2172112 -0.1491964 -0.13642946 0.010924496 -1.0223604 0.2621099 0.18859753 0.35340396 0.07813852
718:-0.016628621 0.49713534 -0.21069333 0.068405814 0.35046056 -0.34971246 0.24225293 -0.28911948 -0.21967469 -0.34056276
237:-0.37984124 0.3520285 -0.45450616 -0.23298527 -0.37187502 -0.48819956 -0.009119311 0.31016296 0.3559618 -0.3442218
263:0.038973574 0.37759003 -0.062317397 -0.63833123 0.51569676 -0.80124086 -0.12579219 -0.1307646 0.23016588 -0.60893005
256:-0.71325207 0.40624893 -0.58604175 -0.0018877214 -0.35796246 -0.3331417 -0.052923787 0.23255888 0.42111197 -0.3391502
340:0.2021697 0.08886781 -0.6519799 0.28941503 -0.16293932 -0.34308708 0.74687093 -0.18303494 0.0068118577 -0.019879965
317:-0.21525426 0.8223171 0.34231383 -0.099442914 -0.48727787 -0.122620784 0.46216166 0.21151297 0.084678106 0.16014981
196:-0.6886107 0.29234207 -0.54988766 0.21003997 -0.36469746 0.1859006 0.5864471 0.3945053 -0.10195167 -0.12729925
720:-0.46611512 0.041874934 0.14687705 -0.123021126 0.11508273 -0.03822416 -0.23480716 -0.39948627 0.2373256 0.4407776
48:-0.7016932 0.33988002 -0.4884906 -0.033842284 -0.3883148 -0.20191756 0.115415804 -0.17602706 0.59650654 -0.12525256
281:-0.25140095 0.24691848 -0.53403795 -0.3036464 0.2998432 -0.6770329 -0.29235002 0.23035938 0.13201238 -0.14377002
601:0.12343877 -0.5094759 -0.016006997 0.061435428 0.048219252 -1.1114289 0.16336474 -0.5876967 -0.1089198 0.03505344
996:-0.008064234 0.16335894 -0.57143724 0.40214276 -0.09023384 -0.30259904 0.6372842 -0.14273222 -0.32365546 0.105005376
476:0.031749908 0.40884724 -0.09417329 0.032594725 -0.23900153 -0.3334446 0.586652 -0.050061397 -0.26553258 0.13302304
422:-0.14217307 -0.06540031 -0.40182987 0.3659636 0.22467552 -1.1269052 0.54018605 -0.1590341 0.0146071855 0.13658509
21:0.09407686 0.33693337 0.1537579 -0.098159336 0.47751203 -0.04992195 0.26836875 0.52646273 0.09710623 -0.103638455
116:0.15595421 -0.258518 0.14474463 0.47526804 0.4965977 -1.1082871 0.4979021 -0.48060697 -0.14773183 0.21749449
484:-0.03057757 -7.530121E-4 -0.4647931 0.3318778 -0.5451391 -0.39709643 0.13595305 -0.20316273 -0.042591196 0.2692123
533:-0.3676804 0.31713018 -0.71423495 0.57569027 -0.3119475 -0.49459824 0.58699745 0.024814943 -0.078591384 0.18071578
498:-0.13157547 -0.1686925 -0.19261615 -0.29556003 0.28525653 -0.13600698 0.05773399 0.03006163 0.17404795 -0.08127322
956:-0.16545491 -0.37913838 0.0976155 0.9098817 0.26704636 -0.9959966 -0.87459373 0.01567424 0.09829571 0.1109867
76:-0.6639915 -0.16778359 -0.35710695 0.1574903 0.06739701 -0.3547204 1.0777118 -0.4016473 -0.37850362 -0.06882635
909:-0.4684095 -0.4481195 0.4154993 0.6414897 0.24001938 -0.5162718 -0.69371516 0.14149 0.05039065 0.5092009
419:-0.1983806 0.014401637 -0.9719306 -0.5164474 -0.098366536 -0.6306492 0.7272243 -0.51865023 0.17981672 0.5206804
854:0.07290944 -0.22687727 0.122545674 0.17951152 0.28492585 -0.8934771 -0.07438739 -0.26765388 0.021155 0.25133315
228:-0.13778874 0.1054746 -0.27143714 -0.0145964585 -0.1545702 -0.8194552 0.6173906 -0.33671597 -0.30272046 -0.3070685
372:-0.16708012 0.37396654 -0.20524381 -0.14049527 0.081035644 -0.85894865 0.106792554 -0.14857753 0.21029982 0.15572648
967:-0.29369766 -0.19584116 0.0661265 0.30442867 -0.13113043 -0.8000578 -0.026481116 -0.4516378 -0.35631102 0.24705994
270:0.045154728 0.29146636 -0.20741409 0.59583014 -0.26248795 -0.633248 0.11517733 -0.33087862 0.54125375 -0.20557487
347:-0.18558235 -0.065826684 -0.29534087 -0.2794066 0.5948686 -0.92144847 0.19934803 0.09680914 0.07960444 -0.07892231
989:-0.082714655 -0.50200456 -0.17479494 0.13189176 0.45671618 -0.99442476 -0.13143538 -0.4473526 -0.02618317 0.27062988
54:-0.11015097 0.2724167 -0.14179933 -0.0062447055 -0.45301428 -0.7156267 0.70890546 -0.18732023 -0.30117682 0.34744084
511:0.17207186 0.017906586 -0.5682156 -0.007022828 -0.12335586 -0.5165094 1.0427508 -0.12836792 -0.30247277 0.10945431
628:-0.43381637 -0.34509644 -0.0064347065 -0.2930935 -0.10335875 -0.1432961 0.43608847 -0.16408834 0.30713868 -0.1627118
188:-0.07597219 0.26946166 -0.8876402 0.56657153 0.17972651 -0.48885754 0.9359301 -0.29165643 -0.71546924 0.13114347
747:-0.12648326 -0.073428884 -0.20220278 0.25753742 -0.2550664 -0.6708099 0.5341238 -0.4402283 0.00891288 0.30024785
592:0.23747292 -0.056982215 -0.57995373 0.14875926 0.13038509 0.41246113 -0.08635491 0.066435084 0.5332935 0.4455716
473:-0.6456155 0.0730288 -0.36041242 -0.010980421 -0.6946371 -0.6140308 1.0385901 -0.04620174 0.02354321 0.52620655
408:0.099047504 0.020160941 -0.019413056 -0.013415517 0.2681851 -0.15376253 0.4606076 -0.24197066 0.31482834 0.11150858
43:0.3149592 -0.4011584 0.17717607 0.044772077 0.6452641 -0.92089486 0.5363758 -0.53040075 0.21471652 -0.012609974
707:-0.00848843 -0.5568152 0.1719412 0.30055633 0.11634727 -0.45692965 0.65194404 -0.5149535 -0.14087437 0.22780947
680:-0.104168266 -0.09767662 -0.2285576 0.43631124 0.6350817 -0.40742126 0.30678383 0.088706955 -0.7734955 0.67276615
339:0.25578633 0.30634248 0.27119717 0.5962557 0.23954542 -0.04910667 0.69015706 0.41663793 0.4576994 -0.24932018
889:-0.017567668 -0.43289298 -0.11518893 0.2558858 0.007757282 -1.1705023 0.07675428 -0.46335822 -0.3121052 0.06725083
487:-0.14297853 0.12203272 -0.815578 0.4573516 0.2344409 -0.5781989 0.21644005 -0.6949696 -0.068809986 0.15475543
508:-0.3705784 0.1166721 -0.19597955 -0.21567623 0.2309602 -0.23892693 -0.09336832 0.44449696 0.3590966 -0.2770683
561:0.28067315 0.10332525 -0.10422714 0.18247345 0.0518983 -0.14643562 0.040396467 -0.2745594 -0.1590847 0.2459321
653:-0.44180483 -0.34019998 -0.038034108 -0.1346399 -0.44572553 -0.12694636 0.7456058 -0.038911346 0.37088707 -0.06739612
65:-0.40772638 -0.5315492 -0.53184706 0.09395344 -0.26040456 -0.727034 0.9013456 -0.6496768 0.10171574 0.016450599
910:-0.5194045 -0.14012645 0.2538476 0.6292027 0.17385957 -0.27210563 -0.5839559 0.026205618 0.063937485 0.30810416
612:0.046851125 -0.24259603 -0.40276548 0.09049064 0.2810918 -0.8596674 0.7113372 -0.24935827 -0.4652732 -0.21131697
71:-0.067495696 -0.56258553 -0.7552499 0.49466926 0.3597283 -0.224194 0.3017405 -0.051505663 0.115083404 -0.04657627
57:0.017152123 0.26185 -0.19641013 -0.29189318 0.03676397 -1.1658098 0.41484016 -0.2997107 -0.09692609 0.39768493
935:-0.2668929 -0.20452999 0.5120183 0.9635111 -0.1774824 -0.5910171 -0.73072505 -0.15039058 0.07032114 0.35143396
605:0.13006738 -0.19865286 0.10628644 0.36169568 -0.086237244 -0.9602398 0.47176108 -0.14035293 0.21078943 0.032869164
924:-0.4384678 0.07816145 0.043556627 0.25281155 0.4776413 0.06786665 -0.1683442 0.11761439 -0.37042397 0.3382827
213:0.10807242 -0.30047464 0.080905765 0.10066586 0.80962855 -0.6476853 -0.1503028 -0.26425993 0.07113256 -0.10610338
292:0.17530552 0.3449421 -0.04242528 0.81577486 0.18715304 0.2839971 0.74440366 0.38190955 0.49715373 -0.28646135
505:-0.015287231 -0.21098582 -0.56850946 0.19080654 -0.45598805 -0.6843834 0.62738484 -0.43063167 -0.06253473 0.22046477
259:-0.08529306 0.11857086 -0.6394231 -0.13679186 0.3646591 -0.4915522 0.6446283 -0.10889846 -0.34647894 0.066846915
945:-0.28823778 -0.42930347 0.6226148 0.9234712 0.15253079 -0.6729811 -0.45423287 0.030635204 -0.055982023 0.5833473
202:-5.235715E-4 0.45773047 -0.24966562 0.18959449 0.03818269 -0.4602059 0.6215893 0.13999316 -0.45017502 -0.06506208
691:0.31113434 0.25398204 0.39045575 0.14487031 -0.2310404 -0.65761954 0.6929706 0.028709356 0.11661911 -0.07990973
248:-0.3755188 0.24715632 -0.5178176 -0.3266453 -0.45350164 -0.67484885 0.2695959 -0.036343876 0.36111006 0.1587433
921:-0.32359868 0.022691928 0.13821994 0.52158356 0.29586014 -0.52732235 -0.56261325 0.3620832 -0.27165678 0.55640906
479:-0.36097544 0.055465985 -0.15803225 0.16043438 -0.5632061 -0.37873286 0.62514913 -0.043209426 0.066771455 0.019394858
364:0.159915 0.34901363 0.21569623 0.19325761 -0.14235878 0.1729924 0.17113493 0.31916094 0.34230536 0.3314668
32:-0.13492632 -0.0070600687 0.07897572 -0.2533969 0.38397953 0.33022952 0.11676411 0.19507939 -0.005224425 0.1655312
185:0.06795145 0.30462676 -0.20205034 1.0552583 0.26103306 0.20946716 0.989453 0.27168855 0.20121038 -0.61368364
946:-0.29876867 -0.12819073 0.3098109 0.6659071 0.3147934 -1.1077939 -0.63665605 -0.113083586 0.07263316 0.71532995
445:-0.795975 -0.07751728 -0.121798016 0.10338082 -0.5335801 -0.70537466 0.43556008 -0.095512524 0.11069045 0.09765187
472:-0.038572054 -0.13048498 -0.05844179 0.3090318 0.07868686 -1.2029102 0.4895347 -0.1592392 -0.17247573 0.48738575
297:0.17223066 0.23735143 -0.18983996 0.49603933 0.98834044 -0.2978095 0.086201325 -0.3650561 0.27624065 0.31132022
860:0.13664235 0.03832833 0.30723646 0.03374779 0.32693076 -0.7247085 -0.13559651 -0.047002997 0.046535894 0.54026765
80:0.20519155 -0.19535184 -0.050546594 0.20524125 0.6751751 -0.9053108 -0.11373005 -0.21907595 -0.36431965 0.032025963
434:0.2391432 0.1421375 0.0109263705 0.8616926 0.17458309 0.41893905 1.0427351 0.43516678 0.3282194 -0.3547591
219:-0.156314 0.20625605 -0.2998142 -0.22605081 -0.12692954 -0.62061936 0.5482354 -0.6370111 0.27277884 0.15252681
428:-0.005183644 0.32443938 -0.23511347 -0.10071186 0.46822077 -0.47999725 0.03269651 -0.3082214 0.18123958 -0.184634
360:0.14887428 0.3747141 -0.469004 0.058427345 -0.59023815 -0.78997546 0.6058244 -0.09356955 0.34560806 0.20020184
586:-0.14790948 0.3287131 0.494528 -0.0554165 -0.14272624 -0.16426045 0.6462916 0.6152 0.2408335 0.037918895
808:0.06245612 0.049747806 -0.15430205 0.69843554 0.03295691 -0.9953222 0.5153904 -0.70560086 0.01381474 0.29270256
106:-0.5092507 -0.15953472 0.29235154 0.111259 0.3100652 -0.07375986 -0.16652457 -0.16211915 -0.04222334 0.1400733
234:-0.24410288 -0.06377278 -0.5517483 -0.09118278 -0.30827394 -0.54486465 0.7086248 -0.26926416 0.41963658 -0.22587252
252:-0.5542659 0.23238643 -0.24896327 0.015827172 -0.33641112 -0.26810336 0.064616315 0.48322225 0.3857833 -0.47173876
645:-0.16419387 -0.5454926 -0.12441146 0.07503324 0.4156192 -0.8193601 -0.2849558 -0.03811547 0.25958192 0.414372
137:0.3154443 -0.113260426 -0.2579699 0.28455842 0.34279004 -0.792393 0.105861045 -0.1537553 -0.07778406 0.071455054
431:-0.35850918 0.3062529 -0.6935507 -0.2480439 0.34736043 -0.31226248 -0.0066759544 0.06682383 0.048522245 0.0082417745
923:-0.7424176 -0.025797518 0.21507746 0.30623853 0.24018624 0.023030091 -0.5410717 -0.21449582 -0.28491828 0.3133208
510:-0.51818246 0.06839916 0.018620564 0.055078402 -0.23753303 -0.981966 0.2758756 -0.15529174 -0.013062167 0.012980793
898:-0.37160555 -0.26712072 0.61176145 0.76040286 0.36700395 -0.6143023 -0.6829602 -0.06742243 0.17917491 0.32283115
568:-0.12672332 -0.11740371 -0.12954791 -0.096553564 0.550681 -0.59474504 0.3058078 -0.18539236 0.016146421 0.16508046
82:0.13166903 -0.38922277 0.2705099 -0.37757367 1.0686197 -0.60959035 0.21935292 -0.45710513 0.16751017 -0.2596018
49:-0.05730285 0.23480177 -0.1244635 -0.27902427 -0.047551215 -0.8644889 -0.30377787 0.40761527 0.15139407 -0.22597197
596:-0.38912678 0.19419578 -0.339685 0.13593172 -0.40569705 -0.37868896 -0.3451431 -0.22067368 0.5829395 0.44517556
6:-0.35516092 -0.24868448 -0.29876116 -0.16736756 0.34981635 0.19051164 0.15819478 0.394466 0.08216127 -0.14925686
413:0.046822097 0.26989177 -0.30986285 -0.3162684 0.093992956 -0.7224117 0.49040833 -0.29203984 -0.11728326 0.8706631
126:-0.08507887 -0.07215896 -0.24438898 0.14372893 -0.66146106 -0.73605543 0.38536105 -0.7819092 0.16610213 0.6099361
987:-0.19416517 -0.46012744 0.24291646 0.35378733 0.24988064 -0.93792933 0.015336688 -0.096323475 -0.10928383 0.21315284
957:-0.4815481 0.013736332 0.020315902 0.44732252 0.4639254 -0.39590788 -0.23993205 -0.24498992 -0.06238438 0.3974845
383:-0.08678159 0.5495707 -0.53656435 0.09517494 -0.14912705 -0.517439 0.13325879 -0.23697318 0.34668496 0.009647257
532:-0.034134608 0.4720241 -0.41803452 0.07136314 0.16409153 -0.5200236 0.22891289 -0.3082653 -0.2216128 0.30271128
241:-0.24074031 0.17272444 -0.094312094 0.2308808 -0.31547415 -0.27325392 0.45631322 -0.22711964 -0.40245035 -0.08324793
36:-0.23936528 -0.54186195 0.057643797 -0.4110716 0.46451053 -0.08557482 0.05162997 0.37634417 0.32807466 -0.2912635
968:-0.3232495 0.23911111 -0.4204863 0.12860307 0.352037 -0.23298334 0.16649762 -0.099585965 -0.5948342 0.6104997
386:0.0886354 0.4113485 -0.23820296 -0.08074339 -0.06240803 -0.51936483 0.40202612 -0.0363961 0.17316039 -0.065935336
906:-0.5688022 -0.31572172 0.6430263 0.6840181 0.23003334 -0.7279404 -0.2963237 0.24818471 -0.31263036 0.6142572
1:0.029030886 -0.10531027 0.05414406 0.07151481 0.35368696 0.29449955 0.08786402 0.15280649 0.34771827 0.23070133
788:-0.64161015 -0.3753486 0.11560954 -0.33279076 -0.46100038 -0.30457035 0.8757396 -0.14087011 0.12487196 0.18102655
565:-0.36073923 0.20826928 -0.1368342 0.095618434 0.7544107 -0.73238087 0.92528915 0.13871756 0.12319226 -0.34255525
490:-0.061683357 -0.34961927 -0.19607542 -0.08263513 -0.24544066 -0.579463 0.76175857 0.08051894 0.057694517 -0.2165439
300:-0.025993735 0.2983166 0.24787857 0.031180598 0.4848981 0.011348968 0.17003216 0.35869357 0.009992663 -0.23809214
348:-0.06157684 -0.06381987 -0.10763987 -0.24450448 0.51012677 -0.5307352 -0.25215906 0.23213305 0.2712184 -0.0033473982
938:-0.15763284 -0.5364377 0.20479035 1.2360857 -0.29015368 -0.98574036 -0.5825833 0.17162117 0.6242488 0.3069926
737:-0.5481981 -0.64200336 -0.30133656 0.060905777 -0.15155187 -0.2766201 1.3822186 -0.76968396 -0.24714792 0.038144942
337:-0.43154937 0.3399185 -0.012010604 -0.3193225 0.35760158 -0.19904399 -0.084177 0.30093077 0.115391456 -0.2578137
39:-0.10752218 0.3097319 0.42709833 -0.026414543 0.19089307 -0.20628601 0.2076519 0.5375752 0.1716155 -0.073690385
785:-0.5244409 -0.021326961 0.03580739 -0.31256783 -0.20850141 -0.47689044 0.47510314 -0.21741043 0.110846035 0.34115735
656:0.18320878 -0.10310405 -0.5695319 0.2618383 0.0978368 -1.2246962 0.69047266 -0.5443202 -0.24697217 0.36721122
289:0.24372815 0.10777236 -0.06195326 -0.13160147 -0.34957102 -0.9584747 0.297095 0.116308 0.5704221 0.109323874
140:-0.34623078 -0.6151645 0.16336313 -0.1731789 -0.23707914 -0.83849156 0.5946271 -0.35527337 0.69217503 -0.26091692
954:-0.36055955 -0.2615228 0.3643695 0.4858946 0.24931723 -0.4146221 -0.43219334 -0.09697368 0.23451911 0.57169664
409:-0.02200339 -0.26404244 -0.37350604 0.06303203 -0.22657487 -0.27389458 0.4855028 -0.37100786 0.16909334 0.44153732
759:0.16302225 -0.13272534 0.025169272 0.2088629 0.8527816 -0.5375485 -0.29444316 -0.54204094 -0.10519178 0.010297367
912:-0.63726497 -0.1637683 0.44535193 0.39872658 0.39376864 0.053297225 -0.37117335 -0.00810855 -0.12723486 0.26540354
991:0.18378316 -0.26518372 -0.37812158 0.11603628 0.3253806 -0.780971 0.46544737 -0.09806257 -0.088239536 -0.10038322
173:-0.7556954 0.50249726 -0.37743434 0.07622415 -0.7224657 -0.041503046 0.46188426 0.440766 -0.23847194 -0.24402994
17:-0.26113644 -0.30218977 0.21047935 -0.05409066 0.39839348 -0.27714694 -0.22571777 0.5775308 0.22386768 -0.44789276
180:-0.2262861 0.30262807 -0.28475082 -0.3448243 0.067293234 -0.30137593 0.3015552 0.063326485 -0.054973193 0.44007847
745:-0.261046 -0.11419497 0.24852303 9.370996E-4 0.45163712 0.006314091 -0.17185211 -0.23010777 0.036289588 0.35566807
799:-0.018049205 0.0074922536 -0.3291435 0.26983744 0.2562973 -0.38053045 0.87234694 -0.37362763 -0.3683437 0.045174643
267:-0.24964058 0.4769853 -0.5213311 -0.341608 -0.3767059 -0.5642279 0.79308844 -0.4576014 -0.08154448 0.46588746
695:-0.12628412 -0.21394384 -0.13589352 -0.06405401 0.19573532 -0.56056696 0.55995184 -0.37447092 -4.3608228E-4 -0.10420137
290:-0.13898721 0.17879152 0.0048244065 -0.24089558 0.7267781 -0.42382917 -0.14217928 -0.20170155 -0.25460526 -9.866122E-4
25:-0.48576507 -0.3258368 0.0052112956 -0.3174199 0.57229614 -0.035620783 0.11450067 0.48071295 0.08771599 -0.3999124
60:-0.17404725 0.45922 -0.3685222 0.12127319 -0.37492546 -0.47705626 0.07328452 -0.4562824 0.44433165 0.3458214
943:-0.44200313 -0.08371709 0.2890629 0.58999395 0.15619086 -1.0203148 -0.5533841 0.22872217 0.40536806 -0.16079499
554:0.11778651 0.19458807 -0.6492561 0.14662778 -0.21744978 -1.1155927 0.9278927 -0.3498868 0.48582694 -0.056332048
208:-0.09057222 0.28631985 -0.14104626 0.83088 0.043503333 0.24615833 0.8950014 0.4057611 0.1546315 -0.6324179
14:-0.31196374 -0.38156223 -0.07018252 -0.6400958 0.35115603 -0.38765404 0.40011805 -0.3963758 0.2765691 -0.07080112
47:-0.050042097 0.23357971 0.15694924 -0.08235822 0.36472118 0.4131888 0.25959155 0.11209036 0.09703816 0.27752984
647:-0.20656154 -0.37623796 0.16867806 -0.09770442 0.02629818 -0.46250182 0.3861113 -0.54363775 0.5562439 -0.3082764
521:0.2774132 -0.082177736 -0.5421061 -0.08852189 0.10543207 -0.7800065 0.34919128 0.18827127 -0.14351653 0.13523549
536:-0.23379858 -0.19345628 -0.5695862 0.09842369 0.42583862 -1.2179075 -0.06055754 0.035267264 -0.0529331 -0.5911264
391:-0.37899217 -0.29514447 -0.2655776 0.00586358 0.32348976 -0.539365 0.7260641 -0.42136794 -0.29990256 0.2580717
122:-0.26497298 0.19490552 -0.35967642 -0.07626788 -0.62715316 -0.7305959 0.38735476 0.08785153 0.5048109 0.37600836
704:0.33475634 -0.3163597 -0.71690124 0.123171024 -0.27722558 -0.8292653 1.2461008 -0.6811423 -0.21077564 0.57451516
230:-0.18801486 0.19022046 -0.37379605 -0.17925225 -0.07902586 -0.7369255 -0.14629717 0.32705945 0.25376624 0.06018838
309:0.091286324 0.2696328 -0.13798188 0.18900374 0.83909583 -0.69739115 0.04065402 -0.3057525 0.11486782 0.0441467
902:-0.38567924 -0.07140283 0.31496271 0.4596615 0.21471605 -0.37919855 -0.28219002 0.09912177 0.2713554 0.2011793
111:-0.5216419 0.10297329 0.2287929 -0.02201285 0.4831082 0.20718957 -0.13891262 0.04715052 -0.16020304 0.111373216
102:-0.42762142 -0.40233728 -0.3454495 -0.018845448 -0.25466564 -1.0742192 0.9151764 -0.38692355 0.082094826 -0.00981969
31:-0.5684348 0.35012972 -0.24678013 -0.059647325 -0.39508113 -0.3972692 0.019641725 0.19467603 0.47834307 -0.399775
753:-0.43309584 -0.5557457 -5.976281E-4 -0.3022676 0.122236125 -0.5424787 0.17070484 -0.2770076 0.083178155 0.05012201
96:0.39317167 -0.631281 0.007061417 -0.17339663 0.7357469 -0.8445905 0.044880733 -0.35266635 0.14148705 0.033090483
69:-0.017086983 0.29063928 -0.14404465 -0.2590657 0.15114957 -0.1967309 0.30914083 0.18491149 -0.13686188 0.19834562
503:-0.1980295 -0.3702076 0.07918543 -0.17194366 0.4648402 -0.79034144 -0.4239767 -0.20518559 -0.31296912 -0.12015711
162:-0.092766955 -0.22715236 -0.0074423533 -0.04672597 0.85557437 -0.4293986 -0.3470327 1.21398865E-4 -0.101108335 0.3438991
463:0.044003315 0.007781459 -0.09153273 -0.1125562 -0.19420578 -0.4877045 0.71385777 -0.11247631 -0.1378079 -0.2398494
442:-0.6964497 0.33062115 -0.450088 0.01825927 -0.28095534 0.1125929 0.1959336 0.5313167 -0.008378389 -0.037273053
344:0.2873504 0.024673766 -0.29311293 -0.13774844 -0.11043626 0.380487 0.26255694 0.4134113 0.22735119 0.88791084
278:0.22903834 -0.012466857 -0.40758726 0.31911764 -0.28500533 -1.1328541 0.06167769 0.38976896 0.2168193 -0.109340385
764:-0.15330273 0.111864984 -0.026596138 -0.22928683 0.27450964 -0.29063237 -0.46337873 0.05307764 0.12681015 0.13660873
191:-0.18104254 0.05810947 -0.60049903 -0.07373186 -0.33797517 -1.0101323 0.678419 -0.07031131 0.21459135 0.13844162
494:-0.2952636 -1.0039124 -0.3380082 -0.28500786 -0.2511073 0.008978404 0.62658733 0.16536461 0.517899 -0.15740775
456:-0.14616464 0.2521037 -0.15379208 -0.15637727 0.7721294 -0.9241225 0.18091649 -0.0017019635 -0.5357026 -0.09180363
934:-0.11117899 0.14934775 0.59570783 0.3763467 -0.0892466 -0.74004936 -0.17256677 -0.057471536 0.50324166 0.511249
151:-0.4426651 0.1427809 -0.42794177 -0.040063333 -0.017192882 -0.2414706 -0.06422745 0.386587 0.3886985 -0.54855096
245:-0.89477354 0.06962096 0.23815013 0.50814724 0.58361614 -0.2195484 -0.33376616 -0.03443822 0.18482819 0.39941627
842:0.12206641 -0.13868189 -1.0056895 0.5335031 -0.016341297 -0.7692791 0.8016076 -0.5331923 -0.16872059 0.18607344
662:-0.094130255 -0.24866538 -0.1322942 -0.014193914 0.074745156 -0.6329266 1.0566275 -0.68842274 0.045648545 0.2262877
95:-0.7388097 -0.48526332 -0.20749983 0.09955116 -0.167033 0.11530563 0.57677853 0.91188383 -0.043386344 -0.24954529
950:-0.49345812 -0.43414435 0.5616377 0.7728176 0.15797204 -0.39434722 -0.65288585 -0.024454188 -0.25575283 0.5250391
190:-0.39946625 -0.16191664 -0.048955597 0.1745886 1.0800849 -0.5446054 -0.23112616 -0.39315993 -0.021494158 -0.028401852
322:0.06975953 0.19069171 -0.012978596 -0.25948122 0.38396013 -0.3326126 0.14081858 0.12844701 -0.09408876 0.11982582
405:-0.39309084 0.16757631 -0.81826633 0.7104124 -0.63565034 -0.43428525 0.73692024 -0.13779747 -0.101915725 0.018512314
58:-0.46311215 -0.4039911 0.100970924 -0.5027618 0.5398107 -0.2933082 -0.10613878 -0.120437086 0.52862424 -0.16366167
368:-0.41580945 0.050908502 -0.4603064 -0.16816424 -0.4603647 -0.14637163 0.09653297 0.51260597 0.15022352 0.06682909
145:-0.46302938 0.059121672 -0.6417 -0.07368585 -0.36219072 -0.14175992 0.14059085 0.29336324 0.1801305 0.09626073
477:0.22778454 0.3233951 -0.47159126 -0.09818235 0.29610878 -0.68350226 0.017921098 0.15592174 0.18135194 -0.104856454
315:-0.87779063 0.57799447 -0.39731383 0.03515174 -0.40499926 -0.014838198 0.13223878 0.5371434 0.0890778 -0.29035679
916:-0.33023176 -0.25781283 0.51789683 0.7811002 0.32495317 -0.6926634 -0.6857851 0.22290982 0.34272206 0.53156114
184:-0.16833721 -0.104504995 -0.011759084 0.13323647 0.11673639 -0.6736914 0.3989131 -0.10256424 0.15206482 0.24555376
741:-0.16610223 0.009130776 -0.20114438 -0.13027665 0.45469117 0.11443311 0.12666394 -0.07128457 -0.3309489 0.549947
483:-0.05698638 0.30340526 0.21952009 -0.18531297 0.743067 -0.7897265 -0.05943172 -0.28880543 0.13664652 -0.37971494
257:-0.0022264733 0.14176126 -0.73386467 -0.061981376 -0.33768034 -0.48476657 0.24894081 0.18895492 0.35056806 -0.2761296
879:-0.049713995 -0.36274326 -0.7365831 0.5533251 0.035385385 -0.46080524 0.95597386 -0.65204084 -0.3409013 -0.014057562
64:0.02081776 0.17836761 -0.12154 0.13875653 -0.019500298 -1.215906 0.83209693 -0.7219296 -0.34074956 -0.0056308596
546:-0.15588282 0.12560369 -0.18790948 0.27878517 -0.5020937 -0.26694855 0.8805388 -0.36575338 -0.08934407 0.6263545
571:-0.2660633 -0.061330754 -0.09079337 0.014410898 0.8762299 -0.7548701 -0.1423814 0.17266236 0.005340699 0.19089392
225:-0.20650019 0.9403055 0.4207759 0.030975543 -0.3348811 -0.029792452 0.540724 0.50855297 0.09832899 0.2961553
214:0.28308922 -0.12641928 0.20953591 0.18632244 1.2733581 -0.9663454 0.047013387 -0.3501434 0.0052058822 -5.0542236E-4
53:-0.24956018 -0.34726456 -0.2519495 -0.12587973 0.53855115 -0.9517185 -0.49187392 -0.1770942 -0.11890252 0.16192853
961:-0.20246795 0.11804812 -0.119179994 0.50246227 0.09431607 -0.9402765 -0.45139247 0.19642429 0.088327296 0.10740215
539:-0.011350223 0.47360852 0.7810713 -0.07038349 -0.1126895 -0.24216038 0.4006979 0.416726 0.5517905 -0.18758631
694:-0.05946215 0.38528067 -0.37075678 0.0092457915 0.09195062 -0.7441769 1.0103906 -1.0686692 -0.47757944 0.100916795
203:-0.34634134 0.07680059 -0.47203964 -0.51593405 -0.1669306 -0.59558314 -0.13091211 0.13329645 0.2719805 0.12015178
780:-0.097807124 -0.46424174 -0.30587047 -0.027135577 -0.008357833 0.32960382 0.36490837 0.3519913 0.27306852 0.20610642
525:0.15064694 -0.1649464 -0.24803899 -0.12685382 0.23811275 -0.14356472 -0.15455364 0.38114077 0.48998594 0.12001719
249:-0.124743685 -0.012604804 -0.25440744 -0.31027812 0.25862643 -0.61114216 -0.10860954 0.117792845 0.48584223 -0.14618817
42:-0.11960036 0.16813016 -0.55504906 -0.010368189 0.459903 -0.104859695 0.66167814 -0.36249042 -0.04032418 0.059955563
528:0.17445399 0.061880134 -0.033217225 -0.09963263 -0.64129597 -1.1490842 0.22303979 -0.11441864 0.1373964 0.2014667
75:0.2570083 -0.055939406 -0.43875858 0.5082512 -0.26947322 -0.6619939 0.9055742 -0.54349107 -0.20768462 0.6581149
246:-0.3954713 0.21796626 -0.01708762 -0.26014802 0.5992549 -0.39138433 -0.35222688 -0.07270995 0.15047532 -0.044211276
517:-0.27295044 0.041015845 -0.45311114 0.5187115 -0.061593343 -0.19389483 0.6759241 0.29698613 -0.45406318 0.14630951
195:0.08889325 -0.01109392 -0.4230701 -0.023126777 -0.4431603 -0.8019062 0.36558282 -0.040189944 0.4690274 0.0257321
467:0.24246776 -0.4009847 -0.37161735 0.0063321227 0.15168601 -0.81586117 0.6761331 -0.6122841 -0.08078289 0.17111793
275:-0.3368576 0.50107324 -0.74640006 0.13751563 -0.4931749 -0.5065391 0.33550498 -0.17005639 -0.087561265 0.326526
376:-0.42610812 -0.66415966 -0.2432594 -0.3054569 -0.38819247 -0.24354823 0.61766887 0.09240258 0.3617465 -0.15006232
156:0.3064898 -0.09408733 0.013729676 -0.23796977 0.75758183 -1.1174533 0.36709213 -0.15431759 -0.2616048 0.28129828
308:0.4713179 -0.23850709 0.024580766 -0.55207294 1.149182 -0.95104754 -0.19385944 -0.20173614 -0.26710957 -0.0707161
760:-0.1829966 0.10253472 -0.35742286 -0.13131654 0.51511437 -0.36020064 0.4243969 -0.04508668 -0.20351054 0.114529744
452:0.3113229 0.3006811 -0.08909532 -0.1431654 0.37822518 -0.6904721 0.10354521 0.055951983 0.4178532 -0.16123846
666:0.24851234 0.26024985 -0.32170522 0.25651127 0.08246019 -0.4951613 0.2843979 -0.1372906 -0.037611756 0.16730177
293:-0.37709948 0.29941437 -0.12492026 -0.10853989 0.30777994 0.14412752 0.021637814 0.20528483 -0.15788254 -3.3811812E-4
880:-0.34888083 0.36292726 -0.39338267 0.39141256 -0.20471832 -0.5468475 0.9667069 -0.9695069 -0.64196277 0.20078786
189:0.11896436 -0.10932551 0.046881873 0.007760119 0.116444886 -1.3583311 0.12012293 -0.0062594754 0.048450097 -0.017085537
630:0.19872403 0.09981463 -0.353417 0.11356987 0.41160604 -0.9425339 0.09510344 -0.3693341 0.06359541 -0.024700388
767:0.008408247 -0.5998493 0.073599316 0.60632056 0.029531758 -0.8678873 0.10815746 -0.6576782 0.008412876 0.3380665
149:0.23980702 -0.039022993 -0.45300174 -0.52113605 1.0836264 -0.6619525 0.124348 -0.49056387 -0.14673817 0.03372069
354:-0.16870041 -0.10035317 -0.4806466 0.08818159 -0.024701886 -0.86281914 0.58369774 -0.1398877 0.0870327 -0.1314423
809:-0.11157388 -0.47188935 -0.3701477 -0.023144325 0.017785206 -0.38183627 1.1375066 -0.012890171 -0.5134506 -0.16291364
690:-0.26307115 0.0061396495 -0.20382896 0.4120083 0.3610629 -0.78713095 0.1188099 -0.43487126 -0.18761179 0.33443862
20:-0.2010191 0.035539135 -0.49573848 0.17270766 -0.28214687 -0.6940967 0.69813293 0.118260704 -0.18963945 -0.26088545
326:-0.008763764 -0.21727383 0.28925616 -0.17854714 0.7344839 -0.5897871 -0.16438927 -0.20710592 0.16518672 -0.2506352
178:-0.08641607 -0.065661736 -0.004241798 0.08158957 0.3879223 -0.5717667 0.27789694 -0.041804615 -0.28485087 -0.13309936
357:-0.07886952 0.4375147 0.45933652 -0.13500364 0.21501741 -0.2461 0.19038852 0.46858382 0.4489031 -0.14399993
891:-0.104680054 0.2205476 -0.69923985 0.6425222 -0.079813436 -0.79789305 1.1564562 -0.62180287 -0.7319709 0.11837925
260:-0.21017978 -0.247244 0.020191293 0.017600322 0.2837286 0.35628685 0.09099841 -0.20940916 0.108232886 0.1727291
365:-0.5232995 -0.16779278 -0.51560146 -0.135708 -0.15494016 -0.6557002 0.61572766 -0.25848576 -0.07051457 0.0340152
488:-0.28140783 -0.082987115 -0.035539173 -0.15752073 0.1345166 -0.7008778 0.2917497 -0.26827016 -0.1643993 0.15944453
27:-0.24200134 -0.17058031 -0.09484626 0.28114054 -0.3715386 -0.7262916 0.71710265 -0.28740242 0.2110514 -0.10245113
804:0.36090225 -0.21549 -0.34663743 -0.15592732 -0.21508306 -1.0260513 0.8265696 -0.019322135 -0.29099345 0.5493276
849:-0.35656223 0.06902869 -0.60161704 0.20239724 -0.12554748 -0.29144 0.69462174 -0.4546605 -0.39792463 0.19098014
70:-0.49962112 0.1529009 -0.54056394 0.08725248 0.10478035 -0.038753577 0.32021096 -0.17025526 -0.119057745 0.10702236
542:0.14526741 0.2573335 -0.37907952 0.40264034 -0.43810976 -0.8770058 0.4774616 -0.19451764 0.087961376 0.2507163
965:-0.5544168 -0.13206452 0.5167096 0.667324 0.28113687 -0.47382313 -0.4208092 0.25896445 -0.3041243 0.73791784
927:-0.20865513 -0.31845883 0.28816888 0.591911 0.15063511 -0.9082813 -0.5679865 0.14022708 0.27865168 0.47993338
575:-0.28768137 0.6650878 -0.39185104 0.15184808 -0.4039097 -0.7064116 0.7429781 -0.7527652 0.20532115 0.029081784
514:0.008745949 0.4318331 -0.18992965 -0.20362167 0.12915465 -0.6006735 0.37080622 0.2014666 0.17663068 0.31726104
266:-0.23825328 0.5624335 0.2549059 -0.1397927 -0.13193494 -0.112728335 0.3554891 0.32572398 0.18839811 -0.07677282
600:-0.14979227 -0.08630652 -0.71130705 0.19599642 -0.2431892 -0.5646601 0.9338621 -0.31170318 -0.06783888 0.045449924
2:-0.46227655 0.38728976 0.069483444 -0.05459389 -0.35361296 -0.11818678 0.23744053 0.55297345 -0.0057677813 -0.036736473
810:-0.074383624 0.1174692 -0.20976852 0.19439052 -0.23886897 -0.6795723 0.4516887 -0.50718474 -0.2561691 -0.018058166
86:-0.40953147 -0.5973536 -0.048345376 0.21348172 0.09225262 -0.4043939 0.7759687 -0.23443046 0.015958726 0.31570727
712:0.42556268 -0.30197427 -0.055628248 0.13401842 -0.041562956 -1.3068933 0.16956536 -0.8755409 -0.72400767 -0.1455083
38:-0.18805681 0.35248348 -0.20335506 0.1542134 -0.5372979 -0.9428073 0.9918101 -0.41027886 0.37678215 0.043258954
238:0.052263774 0.22887337 -0.4463294 0.41936886 -0.67818856 -1.0050199 0.39202583 -0.16192931 0.33054808 0.431866
371:-0.013549054 -0.052789252 -0.44487673 -0.5971645 -0.07169141 -1.0464283 0.23067498 -0.21138126 0.5663456 0.2899338
81:-0.3018157 -0.23573336 0.14098653 -0.07882787 0.26966798 -0.6099859 0.69203144 -0.6266033 -0.4309807 0.15453875
611:-0.09715472 0.36639285 -0.558308 0.1664764 0.39267787 -0.4042417 0.7247611 -0.52652776 -0.590579 0.09905594
791:-0.12947609 0.012144376 -0.28428948 0.15232559 0.48428002 -1.4531283 -0.016919613 -0.50148493 -0.20915824 -0.0023390974
423:-0.32681453 -0.1103567 -0.61821103 0.41407117 -0.12085793 -0.37049055 0.48451978 0.11506455 -0.3814422 0.0818409
271:-0.023766618 0.18298315 -0.7882262 0.07705624 -0.029297719 -0.92968494 0.14932892 -0.01891 0.4890618 -0.096999966
976:-0.052444197 0.06292059 -0.3869246 1.0612645 -0.09350235 -0.42033947 -0.2140333 -0.030791117 0.05976374 0.08545658
304:-0.114587076 0.5518255 -0.28094587 0.3237761 -0.14995252 -0.8589921 0.62141246 -0.25692642 -0.21919207 -0.024917286
333:-0.45230526 0.28028497 -0.25071353 -0.26944268 -0.33067104 -0.19929977 0.30633503 0.2206699 0.36229557 0.09486916
633:0.043791786 0.29261145 0.2063993 0.08677608 0.31485665 -0.9089052 0.0029990969 -0.3305074 -0.18835363 -0.020340418
416:-0.25239787 0.21529055 -0.8376625 0.096816026 -0.47332963 -0.38564977 0.31336805 -0.0052795913 0.29941875 -0.16118298
282:-0.49608898 0.49242905 0.022588031 -0.069228746 -0.31019086 -0.22448553 0.08648938 0.26948696 0.49471566 -0.54547316
790:0.26579106 -0.30263084 0.05145878 0.02064642 0.54934615 -1.4222511 0.60014516 -0.50713366 -0.25666392 -0.23411857
778:-0.33317637 -0.15759532 0.059833996 -0.36144233 0.60310805 -0.005346108 0.0817627 -0.09632183 -0.09945789 0.023294028
587:0.029912004 0.49871927 0.67846376 -0.22941868 -0.31041688 -0.25359258 0.52239114 0.46718052 0.5143244 -0.0679501
493:-0.10376517 -0.042371504 -0.6039559 -0.11379703 0.3976598 -0.2187643 0.20422845 0.08789437 -0.064359084 0.034867685
198:-0.31771895 0.20494889 -0.6026473 -0.24721192 0.12084019 -0.23864223 -0.010456748 0.12508713 -0.2426717 0.29641178
277:-0.6157546 0.3970367 -0.44418126 -0.14883694 -0.005263671 -0.4644261 -0.42430148 0.007225381 0.6297813 -0.24302526
659:-0.05866305 -0.28369784 0.04502025 0.08232362 0.35203716 0.2234614 -0.4190278 -0.15791334 0.24027713 0.2145617
937:-0.22292697 -0.40366772 0.4249556 0.9039406 -0.49384436 -0.778446 -0.3416501 0.0076709483 0.15346187 0.037935708
338:-0.2892605 0.061135862 -0.8322639 0.27490076 -0.06941124 -0.35042024 0.6135614 -0.058679767 -0.010665386 -0.35126883
922:-0.8387577 0.0046883416 0.31374064 0.642888 0.5499314 -0.37750572 -0.6614519 -0.027934164 -0.48997533 0.508918
294:0.106172055 0.63692015 -0.12455661 -0.08958387 0.086304 -0.86410356 0.42783403 0.06494425 0.48166603 0.055858992
998:-0.23244697 -0.2895874 -0.115472935 0.2936661 0.15594238 -0.49180323 0.70534676 -0.122459024 0.043855187 0.2778178
685:-0.15350723 0.04675389 0.10406772 0.12279777 -0.11083887 -0.37071872 0.29530457 -0.30555472 -0.116622984 0.19665332
474:-0.33680424 0.1623265 -0.43532947 0.048127227 0.016932296 -0.016471114 -0.132395 0.71738887 0.1096773 -0.33706638
947:-0.41075942 -0.60453886 0.69292927 0.73897666 0.2215654 -0.8117214 -0.7265409 0.026799636 0.19687097 0.2877243
986:-0.0795134 0.081853904 -0.18952899 0.38851452 -0.029413646 -0.37295032 0.1559469 -0.39556843 0.36773723 0.18012396
482:-0.13792051 0.17075488 -0.31031412 -0.1237648 0.48278648 -0.67917496 0.5732387 -0.045976866 -0.10277717 0.27240977
558:-0.14859971 0.6014911 -0.26205063 0.22424346 -0.56331456 -0.44629177 0.7801125 -0.2890134 0.23176734 0.19931331
506:0.26413527 0.58035624 -0.014670622 0.093952194 0.52300787 -0.93209666 0.22293022 -0.19849136 0.3426906 -0.18994622
160:-0.63269085 0.6870071 0.14305428 0.022653993 -0.5131125 -0.038500093 0.805517 0.386705 0.014971175 -0.113074206
562:0.1869753 -0.11815197 0.25442275 -0.07895247 0.7270275 -0.56179184 0.016342642 -0.021256104 -0.20800425 0.35986492
969:-0.42397177 -0.032205593 0.28344655 0.7281872 0.18203464 -0.3220752 -0.50044924 -0.0033448772 -0.0463312 0.18401967
531:-0.04937457 0.22872685 -0.27665684 0.019836664 -0.17124185 -0.881369 -0.09023646 -0.23968364 0.47046694 -0.025010455
118:-0.039539132 0.11264037 0.14137617 -0.08465033 -0.09269447 -1.0309533 0.56017166 -0.61816996 0.20617409 -0.19562583
187:-0.1598863 0.190027 0.17141901 -0.07213216 0.37607297 -0.49856985 0.29857922 -0.16248527 0.2276251 0.22547416
846:-0.33680418 0.22385658 -0.3382439 0.3953866 1.0560088 -0.8322167 0.043620948 -0.45922267 -0.17297737 0.1643231
748:-0.3468922 -0.39605784 -0.35763916 -0.03170145 -0.1743817 -0.2700885 0.933725 -0.5147312 -0.17428651 -0.02373976
171:0.022819532 -0.2059272 -0.013344405 -0.23608996 -0.072628886 -0.6808187 0.74732506 0.053659517 -0.04957283 0.0740076
345:-0.24661243 0.089044295 -0.20250805 -0.33707264 0.44087514 -0.6173314 -0.30769235 -0.027797556 0.33644468 -0.09267842
165:0.42538777 -0.23961982 -0.4423127 -0.009959497 0.0018038541 0.3228195 0.30628386 0.37762523 0.5011628 0.86578834
443:-0.27550384 -0.14234878 -0.41243678 -0.37868592 0.10902441 -0.27567038 0.07713853 -0.2969435 -0.2114775 0.19274604
235:-0.5210041 0.3476161 -0.16167274 -0.22863838 0.38850603 -0.2271712 -0.16288729 0.4708078 -0.13889992 -0.019772543
835:-0.2867179 0.40848312 -0.41579035 -0.2513543 0.061456483 -0.3900754 0.020401154 -0.0389971 -0.09345529 0.24466889
374:0.056317188 0.57194436 -0.56464535 0.12169992 -0.40809456 -0.90964067 0.5071819 -0.29916468 -0.1108982 0.16447447
708:-0.39653918 -0.23415144 0.18311678 -0.49012393 -0.24475555 -0.473984 0.3999041 0.043686904 0.37996563 0.15630606
886:-0.10323371 0.09350803 -0.5634807 0.1427437 -0.09478384 -0.5242841 0.6857392 -0.32791623 -0.4111722 0.35066864
663:-0.026033258 0.22260353 -0.10157935 -0.26376978 0.06812913 -0.7879841 0.47557372 -0.1826033 -0.16196491 0.6392901
92:-0.25197846 -0.43965188 -0.19465539 0.13467695 0.37577546 -0.8439935 0.7581966 -1.0370942 -0.24764845 0.028297234
446:-0.025705794 0.101573855 0.19115834 0.16047044 0.8261179 -0.6780166 -0.108970374 -0.08241768 0.14101224 -0.4010426
594:-0.3869059 0.123151526 -0.08018079 -0.002688463 -0.3999691 -0.33815655 -0.39863056 0.090355754 0.5823305 0.14109495
637:-0.4332456 -0.4525706 -0.10026646 -0.6521273 -0.38802776 -0.5797245 1.0173583 -0.5303573 0.21055807 0.2719003
573:-0.06310836 0.26797855 -0.036200296 0.054191668 0.123587415 -0.6148454 -0.037844855 0.39553577 0.1855331 0.11807948
412:0.2520683 0.28875414 0.06569227 0.030833274 0.7323785 -0.8200688 -0.10284213 -0.036868162 0.08803545 0.011917075
520:-0.62527573 0.3136512 -0.5001058 -0.10550301 -0.5647382 -0.2237156 -0.027370095 -0.008061292 0.36380234 0.053474233
125:0.041018777 0.20899294 -0.01939546 -0.014344119 0.46102822 -0.61778253 -0.2605032 0.24606499 0.06359606 0.31300274
705:-0.16181989 0.37706283 -0.17168541 -0.13081063 -0.1142655 -0.67194223 -0.063967876 0.19452503 0.09412477 0.20889011
901:-0.01816175 -0.54167527 0.3282106 0.6590372 -0.06073486 -0.7445637 -0.3108948 0.023884041 0.43987712 0.2752681
18:0.048880354 -0.0114899175 -0.15793207 -0.1512345 0.36946172 -0.48495558 0.6684522 0.015500712 -0.21351378 0.22528078
489:-0.21232715 -0.20707572 -0.7278116 -0.024983473 -0.5857414 -0.8942145 0.47629967 0.22574688 0.19139022 0.46300584
621:0.016865272 -0.2782364 0.31337228 0.07096018 0.07215442 -0.8905495 -0.39624098 -0.2223897 -0.1171665 0.09109738
363:0.033038355 -0.15683459 0.23343676 -0.081392035 0.7955107 -0.76442575 -0.29577872 -0.023576112 -0.1386423 0.11363276
427:-0.035349566 0.2575745 -0.36880517 0.18521208 0.13245577 -0.6170798 0.3066574 0.18868566 0.03030431 0.0073682913
261:-0.3514273 0.08077432 -0.17032795 0.28318346 0.065252185 -0.39510763 -0.12671551 0.45141414 0.61147916 -0.575752
438:-0.16714057 0.41215974 -0.16377401 -0.057999287 -0.3758517 -0.3695639 0.4555935 0.011955658 0.0722192 0.05942513
464:-0.19316934 -0.34668672 -0.7997233 0.34179428 -0.23346083 -0.72590804 0.82518524 -0.45250243 -0.19020762 0.21835478
101:-0.263459 -0.07436642 -0.14204153 -0.20845951 0.5012666 -0.57127225 -0.015493545 0.19583829 -0.28895786 0.36961803
247:-0.037155747 -0.119166985 0.08423001 -0.10695053 0.65973437 -0.58853745 -0.26967442 -0.037872266 0.025126945 -0.056864835
319:-0.19885093 0.114742525 -0.4182919 -0.4678627 0.90579176 -0.3874259 -0.05294275 0.09661543 -0.29560935 -0.0313082
942:-0.43890572 -0.36685452 0.5639204 1.0525095 0.2619867 -0.57969666 -0.4964295 -0.090228714 -0.31128478 0.69485414
258:0.122683056 0.39767668 -0.5642677 0.5208648 -0.37736472 -0.53702277 0.732225 -0.38058132 0.25694683 -0.01143502
551:-0.35815448 0.2282834 -0.21877807 -0.14607678 0.07613725 -0.10227785 -0.2154393 0.10602352 0.19499831 0.08683639
933:-0.17079106 -0.3608331 0.44424424 0.906916 0.123395205 -0.8655236 -0.43865117 0.24979049 0.106805086 0.44617015
194:-0.034537043 -0.12052734 -0.094593786 -0.33640513 0.67101204 -0.7234267 -0.32069835 0.029187622 -0.16634117 0.065627165
719:-0.6593101 -0.49184418 -0.046223216 -0.1866632 -0.22900549 -0.39028078 0.8932113 -0.47055987 0.5961479 -0.035823535
154:-0.13442525 0.07967198 0.346788 0.26454633 0.6249615 -0.658603 -0.3732726 -0.33113822 -0.13954973 0.08706709
615:-0.09515357 0.11721942 0.19858976 0.21976662 0.57118636 -0.30822194 -0.66464293 -0.109003924 0.053262137 -0.13607311
570:-0.0670027 -0.02422158 0.14177099 0.32126328 0.7038265 -0.3897617 -0.3532144 -0.013575579 0.061642855 0.23996118
215:-0.16008632 0.08343882 -0.058783565 -0.06143641 0.43572554 -0.500238 -0.019559914 0.19564788 0.019922767 0.42649138
838:-0.02111299 -0.061594345 0.2458694 0.03349944 0.2758698 -0.6186264 -0.0372998 0.087648176 0.4169854 -0.14349452
581:0.06343187 -0.063450344 0.29638234 0.2597795 0.8235815 -0.7283474 0.0069620437 -0.18713981 -0.09595626 0.18585527
648:-0.16400024 -0.44807854 -0.24654298 -0.08094997 -0.048941825 0.28500274 0.4745364 0.5056473 0.23546077 0.3956613
994:0.046076074 -0.24767286 0.101614244 -0.14394762 0.86622524 -0.50941694 -0.03807765 -1.0283348E-4 -0.07089149 0.17095974
183:6.750252E-4 -0.027853198 -0.3036159 -0.11465902 0.46341306 -0.45023707 -0.1326936 -0.040599495 -0.24201854 0.20985009
30:0.50459665 -0.06209067 0.00830523 -0.25116605 0.921018 -0.96803975 0.27588323 -0.77524215 0.2480989 -0.1244262
7:-0.27298793 -0.69895774 0.010065584 -0.43246102 -0.37328407 -0.39425808 0.22150548 0.31803656 0.7517516 0.05288413
597:0.058671623 0.4007263 0.75762755 -0.22442606 -0.30579042 -0.19707784 0.3751998 0.57860106 0.5833043 0.22068863
535:-0.03409931 0.23637871 -0.13574857 -0.1344431 0.87458193 -0.5573669 -0.18698923 -0.11247479 -0.050806824 0.045834962
824:-0.19677244 -0.32017335 0.63276726 0.15670998 0.50178736 -0.5434896 -0.51330376 -0.23809275 0.11024784 0.2589315
688:0.099432394 0.66480976 -0.50728106 0.698189 -0.3914319 -0.9817852 0.61238486 -0.08295142 0.04943663 0.78510106
352:0.07247738 0.42317456 -0.18227725 -0.026812082 0.56927145 -0.8394052 0.09166115 -0.07911039 0.023339257 0.35245407
97:0.09796693 0.056136847 0.17318985 -0.38879117 0.88328755 -0.49590516 0.14459202 -0.29040205 -0.4191494 0.16351561
331:0.11336184 -0.009625911 -0.022618903 0.2297451 0.6375598 -1.042701 0.41302797 0.071589276 0.2900183 -0.062027033
618:-0.217974 -0.1280083 -0.11172289 0.13699028 0.15119758 -0.9751752 0.010513508 -0.21295764 0.10375131 0.05308576
179:0.26948333 0.10310262 -0.0326861 0.5756793 0.14977105 -1.0233446 1.019435 -0.32501945 0.32743245 0.015690364
218:-0.2255134 0.28349143 -0.16888744 -0.111531205 -0.4424636 -1.0143133 0.23321618 0.39566362 0.5880274 0.04189921
435:-0.41697845 0.37917525 -0.051804997 0.089852534 -0.5750461 -0.10947755 0.5664651 0.18714313 0.0068740644 0.21921793
114:-0.111142226 -0.008504856 0.2545359 0.16434982 0.6412015 -0.8004602 -0.031024706 -0.20593755 -0.2081089 -0.052457523
875:-0.33483598 -0.03156752 -0.2369602 -0.026207248 -0.023890002 -0.5503795 0.29760242 -0.4626189 0.5129685 -0.22194384
502:-0.033407975 0.09075547 -0.6374682 -0.22878183 -0.04332664 -0.661848 0.37584037 -0.61428845 0.1471997 0.25093815
982:-0.09934476 0.10800366 0.2753202 0.6568852 -0.12804283 -1.0960159 -0.68542504 0.15427327 -0.02479465 0.048218958
818:-0.28942713 -0.037312705 -0.019818574 0.22747797 -0.38508186 -0.9201582 0.83793646 -0.22654857 -0.015017261 0.3957478
222:-0.18703677 0.11265649 -0.36039606 -0.13736954 -0.116434194 -1.0767486 -0.22177845 0.37276813 0.3893792 -0.06192179
432:-0.77634954 0.5726201 -0.043369018 0.010871719 -0.53829306 -0.042401362 0.26776597 0.38510308 0.11353405 0.011060716
272:-0.3090763 0.13166118 -0.11357791 -0.14471242 0.5082294 -0.59521776 -0.2859302 0.039691832 0.45596263 -0.37206614
496:-0.4963749 0.052523304 0.06987251 0.11031689 0.39909142 -0.75905144 -0.12157068 -0.23666534 0.11310623 0.08384398
251:-0.02319994 0.08768893 -0.053518075 0.065784775 0.13983664 -0.045963462 0.3648601 -0.17208582 -0.09620393 0.091586165
882:0.11364822 -0.49513692 -0.4157934 0.2570089 -0.06675518 -0.6683417 0.8877433 -0.39114857 0.11488914 0.62368
457:0.21475853 0.18078867 -0.20716105 0.34525356 0.37075827 0.45293146 0.021958934 0.047392722 0.43151096 0.10366556
359:-0.27370092 -0.1327567 -0.038379714 -0.04802628 0.06581904 -0.77378464 0.18856438 -0.1454589 -0.090639465 -0.11435444
207:-0.103800476 0.06958015 -0.35882768 -0.083328046 -0.3011458 -0.6413899 -0.058572173 0.3640059 0.46447158 -0.133026
524:-0.0940737 0.14986765 -0.03879809 0.15440793 0.068566136 -0.43732947 0.39782804 -0.14831059 0.34217593 0.12431777
288:-0.29473758 0.067808546 -0.15016787 0.15715347 0.3522133 0.22930616 0.55774546 0.4041742 -0.106938064 -0.21401168
897:-0.2907373 -0.36861357 0.33271033 1.3088496 0.16443783 -0.84062725 -0.30969322 0.46680087 -0.5366277 0.4510155
129:-0.33515587 0.040491953 -0.21241578 0.0032671164 0.053129554 -0.9282984 0.53704584 -0.37757826 -0.057174064 -0.109919176
590:0.32886684 0.047462188 -0.5659864 0.122246966 0.24965458 0.35257393 -0.18417713 0.06986366 0.52905345 0.3444433
29:-0.23588243 -0.112214945 -0.09448464 -0.13458958 0.74094695 -0.28146836 0.091934726 -0.16542992 -0.32173494 0.43111375
569:-0.22635074 0.21477737 -0.3002126 0.0037543813 -0.47650352 -0.8247025 0.16626498 -0.46117046 0.15516934 0.14458504
471:-0.29456088 0.0709062 -0.100810066 -0.44479752 0.25043246 -0.41088223 -0.17065255 0.1846153 -0.018113691 0.17495152
41:0.015488844 -0.6265815 0.21425745 -0.1661093 0.5552928 -0.75377595 0.20487681 -0.2751092 0.09602635 0.095041096
299:0.2437138 0.12529631 -0.18648241 -0.41562957 0.57614315 -0.66550267 -0.33556846 -0.20160349 0.11004812 0.037290465
911:-0.5108765 -0.24169305 0.5488613 0.85407245 0.1182087 -0.6785631 -0.30143 -0.12960874 -0.042721875 0.17899759
485:-0.7515102 0.20252536 -1.0953162 0.09014626 -0.5548949 -0.13817562 0.2850725 0.006986989 0.091049336 0.008412733
905:-0.3880786 -0.3530795 0.48563546 0.9165867 0.03650384 -0.5300222 -0.54979944 -0.09011272 0.05981663 0.46870926
240:-0.36863053 0.052592427 -0.5347689 0.38523865 -0.17354839 -0.8340791 0.51702744 -0.4161422 0.15076818 0.43966562
384:0.08495214 -0.010601001 -0.60817295 0.06399894 0.2080176 -0.6001089 0.12499405 -0.14077535 0.14603037 -0.010344171
168:-0.5054422 0.15006699 -0.64956164 0.30104664 -0.65983045 -0.09675575 0.06511438 0.0752491 0.4051738 -0.7431731
105:-0.5840618 0.14758971 -0.084348746 0.026981773 -0.066878945 -0.33333132 -0.23274471 0.09067548 0.7008979 -0.38436705
733:-0.009690123 -0.4360965 0.04912457 -0.16867 -0.14630476 0.15547892 0.45828027 0.3150833 0.3130452 0.117735095
555:-0.50919056 0.29212192 -0.49019787 -0.24210516 0.2382671 -0.081047446 -0.12724507 0.28281915 0.11530306 -0.04723872
468:-0.1708846 0.2188505 -0.25309834 -0.26414472 -0.06148427 -0.7152537 -0.054150946 0.03978665 0.5995933 -0.21373281
547:-0.32676247 -0.4201821 -1.0364877 0.6027422 -0.19485627 -0.21479349 0.85843474 -0.14366549 -0.21676666 0.18718275
63:0.13235365 -0.21075046 -0.09521789 0.09831477 -0.12703295 -0.80064064 0.78555757 -0.30534682 -0.29190817 0.21442555
254:-0.3066201 -0.09723156 -0.464138 -0.033746578 -0.07656488 -1.2741004 0.51093817 -0.34879425 0.07433062 0.044317737
211:0.4220553 -0.15184556 -0.31652394 -0.12851185 0.686694 -0.97537744 0.13322458 -0.22543047 -0.11181476 -0.38452268
782:0.08112175 -0.24355322 0.07455316 0.20757519 -0.25818196 -0.63473386 1.0138122 -0.6990152 0.07361581 0.12522176
232:-0.17710449 0.1080284 0.06823991 -0.18666756 0.732223 -0.63778704 -0.38625315 -0.022866933 0.29828942 0.07310161
722:-0.2118435 -0.2845979 0.4792655 0.36586478 0.750708 -0.9082754 -0.53976786 -0.03829053 0.30155784 0.25197944
150:0.27007905 0.042160448 -0.44021356 0.12133593 0.40012324 0.38271585 -0.22614534 -0.10491152 0.5294009 0.16050574
755:-0.0129279625 -0.2106179 0.25530455 0.7805675 -0.049562424 -0.7767497 -0.45691553 0.19179982 -0.21990098 0.31887695
603:0.093941495 0.5510243 0.026741885 0.2849971 -0.1494464 -0.6505868 0.30515882 -0.14395748 0.37499183 -0.10815854
204:-0.80525845 0.313361 -0.6121075 0.22102001 -0.39177844 -0.08445864 0.31303746 0.50311345 -0.060649607 -0.30040395
3:-0.46635398 -0.72475094 -0.34766275 -0.47534794 -0.26181024 -0.2880318 0.5380187 0.41001928 0.5880968 0.17638707
369:0.61117256 -0.24281444 -0.33017614 0.40730473 1.003924 -1.1780815 -0.049339123 0.08300137 0.21419561 -0.31008124
342:-0.3054804 0.27595735 -0.048347596 -0.24978396 0.18608995 -0.41918072 -0.223591 0.015136466 0.51624346 -0.16428539
953:-0.56250334 -0.09032401 0.17947656 0.4508958 0.096807 -0.1633133 -0.5325688 -0.012214191 0.25082538 0.1659337
420:-0.74899805 0.72197956 0.024654046 -0.18898846 -0.7473018 0.057048794 0.32240158 0.35295376 -0.03161869 0.05651131
828:0.2869439 0.11106426 -0.04731261 0.40630877 -0.17221378 -1.0210569 0.7474678 -0.47712874 -0.10771945 0.051786166
614:0.10944362 -0.4182964 -0.29704025 0.32251924 0.45619747 -1.4106824 0.09847566 -0.7882333 -0.2650084 0.044520784
74:-0.31848857 -0.6721302 0.06872287 -0.13301878 -0.1090327 -0.7687255 1.1808877 -0.44628206 0.43316948 -0.22321638
839:-0.6263593 -0.19182643 -0.6318034 0.076230526 0.10074843 -0.45564848 0.9457231 -0.84493196 -0.15190428 0.2680516
518:-0.38109672 0.3146074 -0.60885525 0.15008152 -0.2481691 -0.23398036 0.6330773 -0.18414761 -0.34457877 -0.1923509
243:-0.16092835 -0.11245483 -0.24327728 -0.20283067 -0.101739414 -1.1173164 0.15656452 -0.36849543 0.35464516 0.22316727
800:-0.17433782 -0.2672228 0.09103154 -0.10494964 0.7808549 -0.365113 -0.075742394 -0.076188855 -0.028781055 0.03549253
797:0.070448965 -0.28656417 -0.14676051 -0.16147512 0.20803699 -0.9396933 0.25388855 -0.35330698 -0.11239949 -0.17104699
700:0.10204978 0.11795199 -0.35529625 -0.38660026 0.0030197091 -0.7532615 0.3035929 -0.19578446 0.0028110794 0.102600925
366:-0.26216453 0.3261808 -0.8862467 0.34758165 -0.037632566 -0.6397265 0.92430604 -0.49215466 -0.21402225 0.22264352
893:-0.46271196 0.2007412 -0.071968794 0.3365265 0.88550276 -0.48964596 0.12554295 0.014015124 -0.16391748 0.17628829
305:-0.174955 0.22068113 -0.49584648 -0.34367687 -0.12786144 -0.6349085 0.2741238 -0.036859583 0.02109821 0.47997242
757:-0.31357554 -0.3316429 0.22328478 0.578035 0.6365698 -0.43092996 -0.2570149 -0.35688236 -0.5410666 0.20605993
971:-0.05459557 -0.30609426 0.14335461 0.71970534 0.3458895 -0.8158897 -0.47100753 0.023445683 -0.0034325027 0.19574742
852:-0.31980973 -0.22015783 0.0766325 -0.40926233 -0.24156533 -0.49825403 0.6721016 -0.48453727 0.30094445 0.067982346
841:-0.17658277 0.3101243 -0.56035984 0.5686108 0.32542637 -0.34272537 -0.07677243 0.11921411 -0.55680853 0.42379102
453:-0.28829038 0.11371554 -0.44166124 0.06333876 -0.42381677 -0.99112207 0.56012785 -0.22195438 0.33250412 0.054137345
52:-0.15893391 -0.38726145 -0.051786844 -0.6595257 0.41500044 -0.49105984 0.093905464 0.17077607 0.33137152 0.079359
960:-0.40874594 -0.3174435 0.5121773 0.24589533 0.38680622 -0.34986833 -0.55063343 -0.2347288 -0.24472763 0.117574126
85:0.26024812 -0.55951434 0.26875186 0.08418288 0.6682562 -1.1335955 0.19814464 -0.27460188 0.0091480315 -0.1570315
626:0.119449325 0.29647207 -0.53672385 0.7067147 0.18880893 -1.0368195 0.6274638 -1.0461152 -0.014175273 0.11876522
172:-0.9722615 0.3558763 -0.9433933 0.30882922 -0.42438146 -0.1216386 0.474485 0.07428242 -0.12376368 -0.099874064
715:0.08071208 -0.118984856 0.26239288 0.088812165 0.59109807 -0.7904803 0.061319005 -0.08852206 0.06671573 -0.18253839
451:0.10674067 0.15464853 0.21268706 0.2641114 0.11342885 -0.857918 0.26639485 0.03708583 0.45461538 -0.030707616
930:-0.725101 -0.16753238 0.39246833 0.85882306 0.34616482 -0.5882353 -0.55990106 -0.056503534 -0.37593615 0.35688052
355:-0.8706362 0.7109635 -0.65683275 0.045468196 -0.4670208 -0.42004648 0.46827307 0.1384776 0.22041547 0.5426229
316:0.34585127 -0.13418101 -0.24848223 0.26509234 0.012074525 0.40892395 0.45064616 0.26232836 0.25103003 0.55561334
1000:-0.27621752 -0.35519308 -0.18447256 -0.070511304 0.30141625 -0.8050905 0.29147243 -0.16599338 -0.1497934 0.18178411
915:0.004333777 -0.28147474 0.4712705 0.7624936 -0.006530323 -0.75244087 -0.6326951 0.2172546 0.5030191 0.19945943
380:0.32236037 -0.033797666 -0.5368998 0.018145544 0.10720585 0.3906687 -0.015715828 0.17414697 0.60271305 0.5281698
440:-0.31769684 0.6279146 0.15300696 -0.2682073 -0.17811815 -0.19164385 0.06806236 0.5735543 0.20287111 -0.27560452
610:-0.28965575 0.10939654 -0.6346661 -0.13791873 0.035288163 -0.1263512 0.18917057 -0.099931195 0.019466594 0.34974387
999:-0.029126879 -0.2876007 -0.075301245 -0.09947656 0.3841259 -0.7056142 0.5720621 -0.15140352 -0.193226 0.0857591
449:-0.09780378 -0.0892434 0.37682676 -0.30890343 0.2506889 -0.51594806 0.07051907 -0.048213046 0.20376468 0.56151116
377:0.102536805 0.19863708 0.05814857 -0.20426929 -0.10113657 0.1956567 0.15143088 0.43995985 0.27215225 0.23181473
424:0.25445876 0.08759097 -0.2870197 0.13650608 -0.23230581 -0.57802045 0.15063536 -0.42430708 0.052063294 -0.0026470968
334:0.11290514 0.016103413 -0.040388558 0.09631335 0.872293 -0.82805383 -0.25759006 -0.012186578 0.20948578 -0.09088003
131:-0.29610205 -0.18724436 -0.07033405 0.17156234 0.35180816 -0.8355017 0.55097145 -0.23295769 -0.36666062 0.0823496
640:0.09485398 -0.41572142 -0.08074269 0.23130305 0.26543674 -0.69278353 0.81891775 -0.81349236 -0.0029599578 -0.42946976
726:-0.294841 -0.07846527 -0.36930144 0.3233199 0.1737337 -0.8537089 0.57432693 -0.8647718 -0.16556124 0.37712452
786:-0.34515938 -1.0310448 -0.22265191 -0.3957387 -0.403959 -0.043098427 0.787281 0.2773936 0.17950444 0.0055995136
926:-0.58927685 -0.21201907 0.09604654 0.8493435 0.3345387 -0.2072403 -0.58517045 -0.058947504 -0.24633175 0.3822942
229:0.0066603376 0.24257448 -0.077358514 -0.10492044 0.34674698 -0.97123116 0.18237573 -0.010808524 -0.008156107 -0.040377595
830:-0.43128788 -0.09057271 0.2100118 0.2228073 -0.38501126 -0.70919377 0.7515095 -0.4728481 0.019881232 0.097820766
465:0.1864559 0.16846092 -0.4363759 0.020288829 0.04435484 0.008885823 0.35545963 -0.06189718 0.13458103 -0.14024752
766:0.26513195 -0.2672458 -0.022955198 0.2957604 0.37788448 -1.1149418 0.42777696 -0.33223078 0.06718751 -0.062213577
327:-0.4989128 0.31217 -0.474753 0.024878252 0.017194564 -0.50710183 0.3585131 -0.18392588 -0.2522226 0.31453258
779:-0.40288022 0.5128341 -0.5291188 -0.10561483 0.13371125 -0.4736284 0.3026162 -0.372171 0.19623378 0.098327376
543:-0.46648034 0.40338835 -0.14129375 -0.11987091 -0.32607576 -0.51135546 0.12051 -0.14211845 0.5710496 0.020438107
349:0.4486543 -0.026563276 -0.54704255 0.33845633 0.05820478 0.36193007 0.23350552 0.36973217 0.5198524 0.6040921
370:-0.74900997 0.3359923 -0.696465 -0.22992544 -0.45407307 -0.21913642 -0.05114605 -0.17744361 0.3160611 0.21547613
671:-0.20907812 -0.17064692 -0.023752015 -0.22661957 0.37155157 -0.28722706 0.2633656 -0.14321144 -0.24641414 0.6452995
28:-0.08036885 -0.370534 0.18716407 0.37767655 0.57381636 -0.7111887 -0.45903948 0.32103115 0.22107694 -0.107113756
803:-0.12065572 -0.28220257 -0.18720768 -0.4168782 0.3454511 -0.54095083 0.13769089 0.020200515 -0.0033402566 -0.14783472
301:0.38926715 -0.026944624 -0.22759919 -0.35017166 0.6165413 -0.9857595 0.065302044 0.23537573 0.12822396 -0.3846613
576:-0.14318494 0.41681948 -0.41252038 0.024934744 0.11524829 -0.31713358 0.16085172 0.26723424 0.1570152 0.08332353
161:0.19576254 0.10929735 -0.11782888 0.79755247 0.28214 0.30778733 0.486869 0.18543805 0.52763635 -0.28485805
632:0.36313125 -0.10129092 0.029592268 -0.08252461 1.3656651 -0.52105486 -0.029084422 -0.30922607 0.043378964 -0.22847609
513:0.30204204 -0.40989113 -0.37926677 0.7511344 -0.2694464 -0.7577848 -0.15671006 -0.1875829 0.23358454 0.37218443
964:-0.2410972 -0.22924154 0.15580796 0.7470089 -0.21215029 -0.61844695 -0.4201264 -0.3424629 0.041203756 0.30729327
417:0.26205012 -0.016022703 -0.08159885 -0.16760445 0.49269316 -0.96171653 0.07109843 0.49696627 0.18138592 -0.093173295
136:-0.04117801 -0.27326077 -0.06162569 -0.21082452 0.37873393 -0.051014274 -0.079081066 0.14191636 0.009764289 -0.109924234
157:-0.196989 0.32799318 -0.40488514 0.12333009 -0.21294007 -0.481297 0.799043 -0.25394282 -0.41855857 0.42977098
667:-0.78047866 -0.30627668 -0.2528217 -0.0019673703 0.20317262 -0.61356735 0.8074765 -0.86777115 -0.51217943 -0.16658798
709:-0.22456026 0.557935 -0.04846259 0.19373341 -0.5718697 -0.54473245 0.4989321 -1.07809 0.92106456 0.50372916
711:-0.34004262 0.25386178 -0.026011508 0.17317566 -0.3274861 -0.9633113 1.0270065 -1.3476778 -0.2243075 0.43374324
529:-0.17194796 0.15732822 -0.083930254 -0.2437336 0.4840527 -0.40465063 -0.2853036 -0.056567613 0.28268427 -0.045566745
176:0.033617526 0.011143604 0.20357789 -0.33497456 0.61903346 -0.6515615 -0.4828676 0.37176275 -0.044606492 0.20736374
577:-0.08233105 0.0841085 -0.2675142 0.40936145 -0.77394694 -0.5887979 0.6930443 -0.28155226 0.06871866 0.10741209
358:-0.11223903 0.48431772 -0.31516254 -0.3522338 0.32386026 -0.50022733 0.40861326 -0.10317849 -0.1466999 0.18905202
673:-0.3932183 -0.04525332 -0.14193225 0.15577877 -0.521743 -0.5094595 0.4110486 -0.5180095 0.39251706 0.24929936
239:-0.38949344 0.5285061 -0.47395334 -0.016566638 -0.48930198 -0.7584368 0.61791784 -1.0228608 0.57187235 0.4412982
312:0.11952466 0.6754335 -0.1935859 0.51298374 -0.048043553 -0.94566596 0.2529314 -0.13365659 -0.15669948 0.12546007
